Duration	Ch2	Ch4	Ch6	Ch8	Ch7	Ch2+Ch3	Ch3+Ch4	Ch3+Ch6	Ch3+Ch8	Ch3+Ch7	Ch3
1.019	3348.284	3348.284	3348.284	3348.284	1594.188	621.978	103.009	37.279	0.000	18.640	14389.873	0.476	1.000
1.009	3454.126	3454.126	3454.126	3454.126	1744.899	638.112	102.058	31.707	0.000	19.817	14136.553	0.505	1.000
1.014	3400.527	3400.527	3400.527	3400.527	1671.178	652.696	122.257	40.424	0.000	27.606	14435.231	0.491	1.000
1.011	3410.352	3410.352	3410.352	3410.352	1686.873	639.132	97.947	45.511	0.000	20.777	14405.201	0.495	1.000
1.015	3346.389	3346.389	3346.389	3346.389	1674.179	640.127	119.162	45.301	0.985	25.605	14157.646	0.500	1.000
1.026	3436.494	3436.494	3436.494	3436.494	1555.927	664.876	115.037	31.197	0.000	13.648	14428.398	0.453	1.000
1.004	3414.719	3414.719	3414.719	3414.719	1676.480	677.366	91.644	32.872	0.000	17.930	14368.119	0.491	1.000
1.003	3375.527	3375.527	3375.527	3375.527	1653.360	665.133	89.748	40.885	0.000	15.955	14008.687	0.490	1.000
1.016	3388.949	3388.949	3388.949	3388.949	1706.283	681.923	100.370	37.393	0.000	12.792	14495.532	0.503	1.000
1.022	3434.260	3434.260	3434.260	3434.260	1637.878	691.744	95.885	29.353	0.000	15.655	14532.498	0.477	1.000
1.006	3336.986	3336.986	3336.986	3336.986	1564.616	627.238	119.285	37.773	0.000	12.922	14424.487	0.469	1.000
1.003	3332.448	3332.448	3332.448	3332.448	1650.270	656.119	90.740	42.877	0.000	18.946	14357.845	0.495	1.000
1.003	3379.331	3379.331	3379.331	3379.331	1741.018	635.183	113.675	40.883	0.997	19.943	14591.249	0.515	1.000
1.002	3314.193	3314.193	3314.193	3314.193	1682.038	666.430	88.791	37.911	0.000	16.960	14450.959	0.508	1.000
1.017	3377.496	3377.496	3377.496	3377.496	1684.816	676.286	103.212	31.455	0.000	17.694	14428.080	0.499	1.000
1.009	3404.691	3404.691	3404.691	3404.691	1642.414	655.777	96.088	25.756	0.000	12.878	14421.150	0.482	1.000
1.002	3357.906	3357.906	3357.906	3357.906	1715.864	645.444	87.788	39.904	0.000	15.962	14336.443	0.511	1.000
1.000	3341.662	3341.662	3341.662	3341.662	1699.320	656.737	91.963	33.986	0.000	14.994	14420.227	0.509	1.000
1.003	3350.984	3350.984	3350.984	3350.984	1694.430	610.991	100.669	37.875	0.000	18.938	14490.364	0.506	1.000
1.026	3413.235	3413.235	3413.235	3413.235	1728.553	666.853	105.293	28.273	0.000	16.574	14551.826	0.506	1.000
1.006	3343.871	3343.871	3343.871	3343.871	1700.256	658.837	104.341	34.780	0.000	16.893	14443.733	0.508	1.000
1.003	3335.639	3335.639	3335.639	3335.639	1631.931	622.068	107.666	33.895	0.997	15.950	14466.067	0.489	1.000
1.016	3358.467	3358.467	3358.467	3358.467	1720.070	629.774	119.067	36.409	0.000	13.776	14287.013	0.512	1.000
1.024	3345.419	3345.419	3345.419	3345.419	1676.616	645.453	94.719	30.271	0.000	17.577	14480.217	0.501	1.000
1.023	3397.205	3397.205	3397.205	3397.205	1641.445	676.119	118.223	35.174	0.977	15.633	14293.275	0.483	1.000
1.022	3357.897	3357.897	3357.897	3357.897	1648.618	648.685	91.970	31.309	0.000	21.525	14369.882	0.491	1.000
1.021	3355.490	3355.490	3355.490	3355.490	1713.004	633.684	88.148	46.033	0.000	13.712	14506.178	0.511	1.000
1.001	3417.022	3417.022	3417.022	3417.022	1716.007	661.617	108.937	28.983	0.999	9.994	14296.724	0.502	1.000
1.008	3364.863	3364.863	3364.863	3364.863	1697.311	648.768	98.208	35.712	0.000	21.824	14439.546	0.504	1.000
1.015	3362.209	3362.209	3362.209	3362.209	1665.835	651.163	92.601	38.420	0.000	21.673	14427.057	0.495	1.000
1.001	3399.820	3399.820	3399.820	3399.820	1694.916	694.147	106.869	33.958	0.000	18.977	14496.178	0.499	1.000
1.000	3388.943	3388.943	3388.943	3388.943	1685.474	654.796	121.962	44.986	0.000	15.995	14478.485	0.497	1.000
1.018	3387.466	3387.466	3387.466	3387.466	1658.846	648.601	113.014	41.275	0.000	24.568	14297.719	0.490	1.000
1.014	3439.570	3439.570	3439.570	3439.570	1623.666	669.380	94.640	42.391	0.000	15.773	14370.482	0.472	1.000
1.012	3390.127	3390.127	3390.127	3390.127	1647.649	655.899	87.914	39.512	0.000	16.793	14405.076	0.486	1.000
1.014	3426.599	3426.599	3426.599	3426.599	1732.539	594.944	99.651	50.319	0.000	16.773	14581.545	0.506	1.000
1.017	3393.884	3393.884	3393.884	3393.884	1729.387	669.535	101.266	42.276	0.000	17.697	14313.893	0.510	1.000
1.018	3243.738	3243.738	3243.738	3243.738	1611.557	619.679	102.134	34.372	0.982	13.749	14577.670	0.497	1.000
1.010	3417.520	3417.520	3417.520	3417.520	1706.780	682.118	98.011	34.650	0.000	31.680	14341.310	0.499	1.000
1.023	3397.406	3397.406	3397.406	3397.406	1733.889	692.969	88.942	37.141	0.000	22.480	14458.523	0.510	1.000
1.023	3256.292	3256.292	3256.292	3256.292	1708.283	589.299	95.773	40.068	0.000	17.591	14468.607	0.525	1.000
1.016	3425.461	3425.461	3425.461	3425.461	1715.684	652.609	103.354	26.577	0.000	17.718	14505.057	0.501	1.000
1.021	3334.592	3334.592	3334.592	3334.592	1657.013	593.469	107.725	29.380	0.000	17.628	14324.547	0.497	1.000
1.012	3443.837	3443.837	3443.837	3443.837	1691.779	674.933	117.594	32.610	0.000	21.740	14361.342	0.491	1.000
1.017	3437.965	3437.965	3437.965	3437.965	1700.784	682.674	103.286	45.249	0.984	21.641	14470.929	0.495	1.000
1.016	3372.587	3372.587	3372.587	3372.587	1602.151	642.632	121.047	42.317	0.000	16.730	14396.723	0.475	1.000
1.018	3339.368	3339.368	3339.368	3339.368	1662.320	647.058	79.532	49.094	0.000	12.764	14135.118	0.498	1.000
1.012	3383.801	3383.801	3383.801	3383.801	1660.295	653.846	121.485	30.618	0.000	21.729	14390.537	0.491	1.000
1.014	3429.154	3429.154	3429.154	3429.154	1687.941	633.348	95.693	31.569	0.000	19.730	14422.967	0.492	1.000
1.024	3368.054	3368.054	3368.054	3368.054	1626.429	676.540	89.815	27.335	0.000	17.572	14541.208	0.483	1.000
1.014	3404.689	3404.689	3404.689	3404.689	1716.153	669.694	102.575	21.698	0.000	22.685	14543.901	0.504	1.000
1.012	3435.606	3435.606	3435.606	3435.606	1644.190	626.452	101.774	32.607	0.000	21.738	14462.746	0.479	1.000
1.009	3450.132	3450.132	3450.132	3450.132	1676.996	655.138	101.095	37.663	0.000	26.761	14353.578	0.486	1.000
1.004	3323.749	3323.749	3323.749	3323.749	1680.301	604.590	93.627	37.849	0.000	21.913	14363.734	0.506	1.000
1.005	3382.355	3382.355	3382.355	3382.355	1741.943	624.113	89.586	40.811	0.000	14.931	14384.464	0.515	1.000
1.022	3394.490	3394.490	3394.490	3394.490	1734.439	645.031	131.160	45.025	0.000	20.555	14341.425	0.511	1.000
1.008	3480.139	3480.139	3480.139	3480.139	1743.046	693.448	107.142	32.738	0.000	13.889	14435.434	0.501	1.000
1.016	3327.233	3327.233	3327.233	3327.233	1655.742	646.743	99.423	40.360	0.000	10.828	14382.901	0.498	1.000
1.009	3335.763	3335.763	3335.763	3335.763	1654.007	592.628	95.138	31.713	0.000	17.838	14581.825	0.496	1.000
1.016	3297.502	3297.502	3297.502	3297.502	1686.155	599.456	113.198	31.499	0.000	14.765	14628.111	0.511	1.000
1.008	3349.660	3349.660	3349.660	3349.660	1628.707	638.786	91.255	33.725	0.992	13.887	14530.403	0.486	1.000
1.014	3421.886	3421.886	3421.886	3421.886	1635.997	650.849	98.613	39.445	0.000	15.778	14280.210	0.478	1.000
1.000	3372.676	3372.676	3372.676	3372.676	1698.333	655.743	103.959	25.990	0.000	13.995	14451.328	0.504	1.000
1.005	3392.260	3392.260	3392.260	3392.260	1630.473	643.634	80.579	53.719	0.000	18.901	14564.830	0.481	1.000
1.017	3451.904	3451.904	3451.904	3451.904	1724.969	643.792	110.084	51.110	0.983	17.692	14385.555	0.500	1.000
1.009	3469.317	3469.317	3469.317	3469.317	1664.281	722.609	86.237	41.632	0.000	17.842	14420.464	0.480	1.000
1.006	3407.553	3407.553	3407.553	3407.553	1720.173	679.722	97.387	52.669	0.000	14.906	14515.640	0.505	1.000
1.014	3375.200	3375.200	3375.200	3375.200	1628.897	672.870	93.728	46.371	0.000	20.719	14460.775	0.483	1.000
1.019	3362.627	3362.627	3362.627	3362.627	1672.973	636.809	115.783	37.286	0.000	19.624	14257.068	0.498	1.000
1.007	3356.519	3356.519	3356.519	3356.519	1633.062	662.562	93.375	36.754	0.000	21.854	14295.253	0.487	1.000
1.016	3320.360	3320.360	3320.360	3320.360	1716.307	608.536	96.499	46.280	0.985	19.694	14384.288	0.517	1.000
1.000	3303.947	3303.947	3303.947	3303.947	1684.973	656.989	101.998	48.999	0.000	17.000	14216.771	0.510	1.000
1.007	3347.335	3347.335	3347.335	3347.335	1717.855	668.275	106.249	38.726	0.000	21.846	14442.890	0.513	1.000
1.014	3471.885	3471.885	3471.885	3471.885	1648.209	648.637	110.406	39.431	0.986	20.701	14443.513	0.475	1.000
1.005	3386.585	3386.585	3386.585	3386.585	1596.320	668.366	95.481	37.794	0.000	15.913	14262.445	0.471	1.000
1.007	3296.023	3296.023	3296.023	3296.023	1691.694	637.363	116.155	25.812	0.000	23.827	14390.318	0.513	1.000
1.016	3396.266	3396.266	3396.266	3396.266	1632.177	646.767	105.333	38.393	0.984	13.782	14503.534	0.481	1.000
1.018	3470.901	3470.901	3470.901	3470.901	1657.817	740.957	103.184	43.239	0.000	15.723	14508.601	0.478	1.000
1.009	3444.795	3444.795	3444.795	3444.795	1697.119	662.194	116.974	41.635	0.000	19.826	14325.393	0.493	1.000
1.017	3358.549	3358.549	3358.549	3358.549	1647.331	646.744	92.392	32.436	0.983	17.692	14515.381	0.490	1.000
1.010	3451.900	3451.900	3451.900	3451.900	1677.429	689.192	106.944	28.716	0.000	15.843	14456.192	0.486	1.000
1.013	3374.011	3374.011	3374.011	3374.011	1627.778	679.146	88.842	29.614	0.000	10.858	14087.334	0.482	1.000
1.014	3298.028	3298.028	3298.028	3298.028	1696.833	631.013	86.764	43.382	0.000	16.761	14144.547	0.514	1.000
1.026	3416.819	3416.819	3416.819	3416.819	1629.425	667.957	96.537	46.806	0.000	16.577	14427.870	0.477	1.000
1.017	3409.686	3409.686	3409.686	3409.686	1722.551	663.049	104.278	38.366	0.000	14.756	14086.351	0.505	1.000
1.021	3337.066	3337.066	3337.066	3337.066	1684.694	663.104	106.763	34.282	0.000	14.692	14557.915	0.505	1.000
1.005	3510.226	3510.226	3510.226	3510.226	1690.956	693.292	94.495	37.798	0.000	26.856	14540.235	0.482	1.000
1.008	3331.628	3331.628	3331.628	3331.628	1712.927	641.728	100.177	27.772	0.000	13.886	14130.903	0.514	1.000
1.006	3450.803	3450.803	3450.803	3450.803	1744.777	662.737	86.444	42.725	0.000	18.879	14600.088	0.506	1.000
1.027	3442.192	3442.192	3442.192	3442.192	1656.810	659.413	89.610	43.831	0.000	17.532	14233.375	0.481	1.000
1.014	3379.810	3379.810	3379.810	3379.810	1607.555	658.802	92.706	43.394	0.000	22.683	14597.188	0.476	1.000
1.007	3416.586	3416.586	3416.586	3416.586	1650.688	655.508	123.156	40.721	0.000	22.843	14367.540	0.483	1.000
1.005	3440.755	3440.755	3440.755	3440.755	1645.751	653.724	91.541	44.776	0.000	21.890	14475.449	0.478	1.000
1.020	3501.315	3501.315	3501.315	3501.315	1637.475	663.417	99.954	43.117	0.000	17.639	14436.432	0.468	1.000
1.016	3448.776	3448.776	3448.776	3448.776	1708.640	709.637	99.408	36.417	0.000	16.732	14385.648	0.495	1.000
1.022	3414.573	3414.573	3414.573	3414.573	1676.956	668.239	114.471	27.395	0.000	15.654	14466.438	0.491	1.000
1.000	3426.966	3426.966	3426.966	3426.966	1670.496	660.801	97.970	37.989	0.000	21.993	14512.622	0.487	1.000
1.006	3392.794	3392.794	3392.794	3392.794	1677.515	624.099	96.397	45.714	0.000	14.907	14546.082	0.494	1.000
1.009	3402.619	3402.619	3402.619	3402.619	1653.748	654.959	108.004	35.671	0.000	18.826	14424.962	0.486	1.000
1.000	3378.951	3378.951	3378.951	3378.951	1676.480	665.793	107.966	44.986	0.000	13.996	14542.487	0.496	1.000
1.020	3495.363	3495.363	3495.363	3495.363	1645.223	667.698	104.910	28.434	0.000	24.512	14536.397	0.471	1.000
1.001	3431.477	3431.477	3431.477	3431.477	1708.747	637.160	118.843	33.955	0.000	14.980	14429.978	0.498	1.000
1.018	3428.843	3428.843	3428.843	3428.843	1713.931	640.391	99.202	39.288	0.982	9.822	14273.261	0.500	1.000
1.005	3413.186	3413.186	3413.186	3413.186	1608.547	677.859	102.525	33.843	0.000	9.954	14571.489	0.471	1.000
1.016	3355.454	3355.454	3355.454	3355.454	1676.743	632.715	118.080	34.440	0.000	15.744	14314.307	0.500	1.000
1.017	3604.318	3604.318	3604.318	3604.318	1704.306	658.907	110.146	32.454	0.000	19.669	14378.916	0.473	1.000
1.014	3459.989	3459.989	3459.989	3459.989	1646.675	655.712	127.198	43.385	0.000	17.749	14503.558	0.476	1.000
1.012	3412.573	3412.573	3412.573	3412.573	1603.998	685.875	97.841	36.567	0.000	14.824	14412.264	0.470	1.000
1.001	3436.878	3436.878	3436.878	3436.878	1647.545	673.996	96.856	38.942	0.000	15.976	14322.655	0.479	1.000
1.010	3297.630	3297.630	3297.630	3297.630	1643.370	612.799	109.888	32.669	0.000	22.770	14398.297	0.498	1.000
1.014	3371.073	3371.073	3371.073	3371.073	1621.940	608.351	99.584	36.481	0.986	16.762	14313.502	0.481	1.000
1.011	3324.680	3324.680	3324.680	3324.680	1647.497	641.188	107.854	55.411	0.989	18.800	14301.070	0.496	1.000
1.007	3380.928	3380.928	3380.928	3380.928	1681.026	648.765	87.429	47.689	0.000	14.903	14675.197	0.497	1.000
1.003	3437.040	3437.040	3437.040	3437.040	1683.123	649.119	105.694	32.905	0.997	13.960	14529.897	0.490	1.000
1.021	3259.771	3259.771	3259.771	3259.771	1630.865	615.125	99.909	38.200	0.000	11.754	14031.316	0.500	1.000
1.004	3340.961	3340.961	3340.961	3340.961	1655.036	666.598	100.637	39.856	0.000	21.921	14283.531	0.495	1.000
1.005	3462.980	3462.980	3462.980	3462.980	1564.857	654.594	88.539	32.829	0.000	21.886	14365.248	0.452	1.000
1.006	3295.114	3295.114	3295.114	3295.114	1632.642	648.284	94.459	39.772	0.000	22.869	14462.109	0.495	1.000
1.002	3387.743	3387.743	3387.743	3387.743	1674.917	624.478	110.730	43.893	0.000	34.915	14281.191	0.494	1.000
1.008	3408.232	3408.232	3408.232	3408.232	1699.156	654.666	101.176	32.733	1.984	11.903	14215.184	0.499	1.000
1.016	3405.878	3405.878	3405.878	3405.878	1744.762	673.106	97.423	35.427	0.000	15.745	14483.591	0.512	1.000
1.016	3403.670	3403.670	3403.670	3403.670	1691.008	640.772	102.366	39.372	0.000	12.796	14517.273	0.497	1.000
1.003	3362.611	3362.611	3362.611	3362.611	1655.884	656.970	101.686	32.898	0.000	14.954	14316.768	0.492	1.000
1.014	3431.863	3431.863	3431.863	3431.863	1711.001	640.023	93.686	48.322	0.000	18.737	14426.644	0.499	1.000
1.016	3372.386	3372.386	3372.386	3372.386	1655.177	639.030	104.372	35.447	0.000	17.723	14374.734	0.491	1.000
1.013	3311.861	3311.861	3311.861	3311.861	1713.202	613.198	78.995	39.497	0.000	17.774	14245.741	0.517	1.000
1.013	3374.480	3374.480	3374.480	3374.480	1657.119	643.887	112.581	31.602	0.000	17.776	14443.998	0.491	1.000
1.003	3354.636	3354.636	3354.636	3354.636	1689.277	647.805	81.723	31.892	0.000	18.936	14487.920	0.504	1.000
1.010	3368.762	3368.762	3368.762	3368.762	1637.331	604.218	87.166	38.630	0.000	16.839	14304.113	0.486	1.000
1.008	3403.235	3403.235	3403.235	3403.235	1645.542	642.139	118.106	35.729	0.000	16.872	14620.313	0.484	1.000
1.022	3387.358	3387.358	3387.358	3387.358	1739.189	651.829	96.893	32.298	0.000	15.660	14283.472	0.513	1.000
1.006	3302.544	3302.544	3302.544	3302.544	1660.719	596.666	110.383	37.789	0.994	11.933	14377.650	0.503	1.000
1.023	3328.589	3328.589	3328.589	3328.589	1673.090	620.568	125.091	29.318	0.000	17.591	14384.468	0.503	1.000
1.001	3422.474	3422.474	3422.474	3422.474	1683.773	638.156	109.855	41.945	0.999	11.984	14398.956	0.492	1.000
1.015	3325.347	3325.347	3325.347	3325.347	1723.780	648.512	109.399	50.265	0.000	12.813	14492.956	0.518	1.000
1.002	3342.762	3342.762	3342.762	3342.762	1715.772	615.483	98.757	43.892	0.000	14.963	14457.371	0.513	1.000
1.012	3347.775	3347.775	3347.775	3347.775	1608.671	649.200	108.694	34.584	0.000	15.810	14263.617	0.481	1.000
1.009	3337.918	3337.918	3337.918	3337.918	1666.481	665.204	103.102	41.637	0.000	20.819	14420.361	0.499	1.000
1.010	3264.814	3263.824	3263.824	3263.824	1670.508	642.275	80.161	36.617	0.000	17.813	14490.272	0.512	1.000
1.019	3480.694	3480.694	3480.694	3480.694	1691.268	657.661	106.993	46.134	0.000	21.595	14436.146	0.486	1.000
1.016	3370.778	3370.778	3370.778	3370.778	1694.249	647.772	112.228	34.456	0.000	17.720	14640.834	0.503	1.000
1.006	3362.528	3362.528	3362.528	3362.528	1687.229	614.442	90.476	36.787	0.000	18.891	14531.848	0.502	1.000
1.014	3380.118	3380.118	3380.118	3380.118	1653.576	617.256	113.394	35.497	0.986	18.735	14240.273	0.489	1.000
1.013	3527.682	3527.682	3527.682	3527.682	1649.344	659.343	111.536	36.520	0.987	13.819	14345.645	0.468	1.000
1.001	3390.308	3390.308	3390.308	3390.308	1667.692	665.080	112.844	39.945	0.000	14.979	14495.939	0.492	1.000
1.018	3430.470	3430.470	3430.470	3430.470	1660.697	650.522	89.422	36.358	0.000	20.636	14164.078	0.484	1.000
1.012	3367.225	3367.225	3366.237	3366.237	1734.991	631.355	105.720	32.605	0.000	11.856	14243.522	0.515	1.000
1.009	3443.606	3443.606	3443.606	3443.606	1711.392	652.431	113.035	41.645	0.000	20.822	14459.575	0.497	1.000
1.018	3362.274	3362.274	3362.274	3362.274	1699.309	610.965	96.261	29.468	0.000	21.610	14215.260	0.505	1.000
1.024	3399.696	3399.696	3399.696	3399.696	1672.510	648.305	87.873	28.315	0.000	12.693	14491.182	0.492	1.000
1.006	3353.979	3353.979	3353.979	3353.979	1709.287	645.952	106.334	37.763	0.000	13.913	14401.738	0.510	1.000
1.016	3361.406	3361.406	3361.406	3361.406	1689.564	621.279	108.305	30.522	0.000	13.784	14284.500	0.503	1.000
1.019	3352.448	3352.448	3352.448	3352.448	1668.866	675.984	86.338	32.377	0.000	18.641	14385.015	0.498	1.000
1.024	3417.866	3417.866	3417.866	3417.866	1642.529	665.019	92.771	37.108	0.977	16.601	14329.648	0.481	1.000
1.022	3462.671	3462.671	3462.671	3462.671	1745.030	651.452	112.488	40.104	0.000	19.563	14406.278	0.504	1.000
1.007	3318.301	3318.301	3318.301	3318.301	1727.144	667.035	105.217	30.771	0.000	10.919	14627.126	0.520	1.000
1.001	3441.004	3441.004	3441.004	3441.004	1697.029	677.214	107.875	30.964	0.000	15.981	14521.139	0.493	1.000
1.009	3395.369	3395.369	3395.369	3395.369	1688.272	704.437	92.142	33.686	0.000	29.723	14440.472	0.497	1.000
1.010	3355.015	3355.015	3355.015	3355.015	1688.394	656.158	83.133	43.546	0.990	19.794	14425.575	0.503	1.000
1.008	3419.004	3419.004	3419.004	3419.004	1627.672	672.493	111.090	45.626	0.000	21.821	14361.402	0.476	1.000
1.017	3322.536	3322.536	3322.536	3322.536	1735.037	640.311	88.522	46.228	0.000	20.655	14364.216	0.522	1.000
1.002	3365.813	3365.813	3365.813	3365.813	1635.480	633.024	98.848	33.948	0.998	13.978	14437.750	0.486	1.000
1.010	3366.113	3366.113	3366.113	3366.113	1670.677	693.227	81.207	31.690	0.000	13.865	14312.170	0.496	1.000
1.020	3379.873	3379.873	3379.873	3379.873	1709.541	653.821	112.728	45.091	0.000	22.546	14362.500	0.506	1.000
1.006	3405.496	3405.496	3405.496	3405.496	1703.245	694.614	92.416	34.780	0.000	18.881	14370.258	0.500	1.000
1.020	3322.909	3322.909	3322.909	3322.909	1630.587	665.366	96.032	36.257	0.000	24.498	14416.586	0.491	1.000
1.016	3403.013	3403.013	3403.013	3403.013	1757.633	647.912	107.329	37.417	0.000	14.770	14303.289	0.516	1.000
1.002	3523.650	3523.650	3523.650	3523.650	1692.469	688.564	121.746	36.923	0.000	16.965	14366.032	0.480	1.000
1.020	3416.079	3416.079	3416.079	3416.079	1713.434	626.722	102.983	32.366	0.981	14.712	14427.366	0.502	1.000
1.008	3431.581	3431.581	3431.581	3431.581	1697.938	651.604	110.088	50.581	0.000	10.910	14306.519	0.495	1.000
1.001	3387.844	3387.844	3387.844	3387.844	1685.932	615.245	114.859	33.958	0.000	18.977	14368.372	0.498	1.000
1.013	3371.254	3371.254	3371.254	3371.254	1646.128	677.411	109.610	39.499	0.000	16.787	14324.375	0.488	1.000
1.010	3548.845	3548.845	3548.845	3548.845	1675.926	671.162	109.881	45.536	0.000	18.808	14352.775	0.472	1.000
1.003	3446.678	3446.678	3446.678	3446.678	1657.555	706.679	112.630	52.826	0.000	14.951	14624.959	0.481	1.000
1.006	3424.810	3424.810	3424.810	3424.810	1747.190	642.028	97.397	30.809	0.000	14.908	14247.845	0.510	1.000
1.003	3318.019	3318.019	3318.019	3318.019	1695.389	658.820	110.634	37.875	0.000	18.937	14472.105	0.511	1.000
1.020	3460.835	3460.835	3460.835	3460.835	1694.623	646.271	118.663	29.421	0.000	17.652	14407.234	0.490	1.000
1.009	3378.682	3378.682	3378.682	3378.682	1716.596	659.086	106.048	39.644	0.000	16.849	14490.968	0.508	1.000
1.007	3337.145	3337.145	3337.145	3337.145	1709.293	638.626	102.299	30.789	0.000	18.871	14185.844	0.512	1.000
1.006	3399.901	3399.901	3399.901	3399.901	1680.080	604.074	113.264	54.645	0.000	14.903	14395.433	0.494	1.000
1.001	3394.953	3394.953	3394.953	3394.953	1673.006	636.242	107.871	42.949	0.000	21.974	14374.865	0.493	1.000
1.009	3359.589	3359.589	3359.589	3359.589	1676.325	680.047	105.080	36.679	0.991	18.835	14373.173	0.499	1.000
1.001	3288.741	3288.741	3288.741	3288.741	1728.287	593.412	102.898	42.957	0.000	17.982	14348.781	0.526	1.000
1.013	3452.789	3452.789	3452.789	3452.789	1696.765	670.607	101.727	36.543	0.000	22.716	14265.468	0.491	1.000
1.015	3413.983	3413.983	3413.983	3413.983	1716.847	657.369	117.282	33.509	0.986	18.726	14336.953	0.503	1.000
1.010	3353.855	3353.855	3353.855	3353.855	1672.474	659.093	98.963	35.627	0.000	10.886	14404.058	0.499	1.000
1.002	3325.962	3325.962	3325.962	3325.962	1709.411	660.000	112.829	42.935	0.000	18.971	14649.808	0.514	1.000
1.020	3422.942	3422.942	3422.942	3422.942	1714.412	613.620	101.943	35.288	0.980	17.644	14313.229	0.501	1.000
1.003	3394.741	3394.741	3394.741	3394.741	1678.926	611.153	127.614	42.870	0.000	21.934	14547.037	0.495	1.000
1.005	3488.001	3488.001	3488.001	3488.001	1653.991	700.186	112.388	38.789	0.995	11.935	14407.521	0.474	1.000
1.012	3352.875	3352.875	3352.875	3352.875	1709.057	659.307	86.985	39.539	0.000	18.781	14277.398	0.510	1.000
1.023	3401.400	3401.400	3401.400	3401.400	1705.100	654.078	104.613	38.130	0.000	21.509	14534.411	0.501	1.000
1.004	3392.075	3391.078	3391.078	3391.078	1681.090	656.691	95.664	31.888	0.000	19.930	14740.180	0.496	1.000
1.013	3380.528	3380.528	3380.528	3380.528	1668.543	645.697	95.768	43.441	0.987	19.746	14345.523	0.494	1.000
1.020	3394.116	3394.116	3394.116	3394.116	1670.587	649.019	104.902	31.373	0.000	18.627	14398.031	0.492	1.000
1.022	3401.772	3401.772	3401.772	3401.772	1638.724	694.059	97.893	39.157	0.000	10.768	14387.292	0.482	1.000
1.021	3477.516	3477.516	3477.516	3477.516	1668.228	670.034	104.815	40.163	0.000	16.653	14574.222	0.480	1.000
1.013	3320.485	3320.485	3320.485	3320.485	1731.826	627.960	96.761	30.608	0.000	15.798	14349.273	0.522	1.000
1.015	3384.744	3384.744	3384.744	3384.744	1766.296	606.179	114.336	55.197	0.000	16.756	14408.324	0.522	1.000
1.003	3312.806	3312.806	3312.806	3312.806	1716.237	629.254	113.685	26.925	0.997	16.953	14556.602	0.518	1.000
1.006	3403.828	3403.828	3403.828	3403.828	1731.232	680.766	98.388	23.852	0.994	11.926	14520.681	0.509	1.000
1.012	3396.128	3396.128	3396.128	3396.128	1634.843	642.084	125.453	34.574	0.000	22.720	14323.402	0.481	1.000
1.005	3506.853	3506.853	3506.853	3506.853	1733.535	684.264	121.338	34.810	0.000	26.853	14441.152	0.494	1.000
1.018	3389.031	3389.031	3389.031	3389.031	1748.068	670.142	95.313	44.218	0.000	14.739	14544.632	0.516	1.000
1.016	3335.516	3335.516	3335.516	3335.516	1730.256	641.710	121.059	36.416	0.984	21.653	14708.161	0.519	1.000
1.003	3333.444	3333.444	3333.444	3333.444	1726.052	638.170	109.686	44.871	0.000	16.951	14240.176	0.518	1.000
1.000	3379.633	3379.633	3379.633	3379.633	1649.821	673.927	116.987	41.995	0.000	13.998	14299.446	0.488	1.000
1.018	3377.817	3377.817	3377.817	3377.817	1696.275	646.294	108.043	33.395	0.982	13.751	14382.488	0.502	1.000
1.021	3361.215	3361.215	3361.215	3361.215	1631.163	641.304	115.533	38.184	0.000	13.707	14407.305	0.485	1.000
1.019	3315.364	3315.364	3315.364	3315.364	1675.348	652.669	101.090	34.351	0.000	20.611	14515.761	0.505	1.000
1.011	3329.607	3329.607	3329.607	3329.607	1670.242	626.959	87.023	30.656	1.978	14.833	14347.867	0.502	1.000
1.012	3397.649	3397.649	3397.649	3397.649	1669.679	678.739	105.713	31.615	0.000	23.711	14234.756	0.491	1.000
1.020	3408.335	3408.335	3408.335	3408.335	1701.715	644.396	98.082	38.252	0.000	16.674	14417.010	0.499	1.000
1.016	3359.254	3359.254	3359.254	3359.254	1705.225	651.766	122.083	40.366	0.000	19.691	14558.409	0.508	1.000
1.021	3348.404	3348.404	3348.404	3348.404	1673.222	660.276	118.536	35.267	0.000	17.633	14554.487	0.500	1.000
1.015	3392.266	3392.266	3392.266	3392.266	1695.640	648.304	109.364	45.322	0.000	11.823	14523.784	0.500	1.000
1.013	3436.456	3436.456	3436.456	3436.456	1718.228	660.629	108.624	45.424	0.000	15.800	14416.329	0.500	1.000
1.015	3391.819	3391.819	3391.819	3391.819	1684.084	630.669	119.236	44.344	0.000	21.679	14428.533	0.497	1.000
1.017	3460.011	3460.011	3460.011	3460.011	1654.275	684.527	104.253	26.555	0.000	10.819	14632.758	0.478	1.000
1.001	3386.959	3386.959	3386.959	3386.959	1651.542	668.006	104.844	35.947	0.000	13.979	14248.794	0.488	1.000
1.014	3416.539	3416.539	3416.539	3416.539	1629.411	648.610	93.644	43.372	0.000	25.629	14339.411	0.477	1.000
1.021	3446.817	3446.817	3446.817	3446.817	1673.441	660.362	111.693	49.968	0.000	11.757	14294.788	0.486	1.000
1.020	3424.513	3424.513	3424.513	3424.513	1765.213	651.167	98.067	39.227	0.981	19.613	14405.120	0.515	1.000
1.019	3270.718	3270.718	3270.718	3270.718	1638.304	617.431	104.050	36.319	0.000	20.614	14328.531	0.501	1.000
1.022	3291.608	3291.608	3291.608	3291.608	1742.213	596.072	89.068	36.215	0.000	15.660	14312.574	0.529	1.000
1.009	3467.414	3467.414	3467.414	3467.414	1660.871	671.880	113.962	42.612	0.000	16.847	14672.345	0.479	1.000
1.005	3368.097	3368.097	3368.097	3368.097	1624.845	636.804	102.486	36.815	0.995	12.935	14424.608	0.482	1.000
1.020	3359.075	3359.075	3359.075	3359.075	1723.659	679.463	108.832	38.238	0.980	16.668	14562.857	0.513	1.000
1.019	3317.868	3317.868	3317.868	3317.868	1734.474	643.560	117.724	34.336	0.000	23.545	14496.788	0.523	1.000
1.020	3406.093	3406.093	3406.093	3406.093	1651.587	637.111	95.077	35.286	0.000	12.742	14634.926	0.485	1.000
1.003	3406.656	3406.656	3406.656	3406.656	1788.096	646.227	97.732	49.863	0.000	17.951	14367.592	0.525	1.000
1.014	3397.900	3397.900	3397.900	3397.900	1702.894	646.843	103.534	47.330	0.000	26.623	14452.416	0.501	1.000
1.011	3334.484	3334.484	3334.484	3334.484	1728.589	607.529	95.978	40.568	0.000	18.800	14363.018	0.518	1.000
1.022	3341.485	3341.485	3341.485	3341.485	1700.586	608.610	84.149	35.225	0.000	14.677	14269.073	0.509	1.000
1.001	3436.566	3436.566	3436.566	3436.566	1600.401	655.345	92.907	45.954	0.000	9.990	14345.664	0.466	1.000
1.021	3365.584	3365.584	3365.584	3365.584	1704.837	664.299	100.919	35.272	0.000	17.636	14478.381	0.507	1.000
1.017	3331.175	3331.175	3331.175	3331.175	1626.738	618.633	117.039	35.407	0.984	13.769	14319.036	0.488	1.000
1.014	3363.232	3363.232	3363.232	3363.232	1684.081	656.673	80.852	37.468	0.000	15.776	14338.352	0.501	1.000
1.016	3406.885	3406.885	3406.885	3406.885	1628.182	631.597	94.444	39.352	0.000	19.676	14213.882	0.478	1.000
1.008	3322.421	3322.421	3322.421	3322.421	1693.958	640.072	95.267	31.756	0.000	17.862	14127.236	0.510	1.000
1.001	3350.622	3350.622	3350.622	3350.622	1689.801	645.542	96.931	43.969	0.000	14.989	14408.775	0.504	1.000
1.019	3477.485	3477.485	3477.485	3477.485	1715.179	670.560	80.506	44.180	0.000	12.763	14292.835	0.493	1.000
1.024	3415.038	3415.038	3415.038	3415.038	1724.609	656.250	95.703	37.109	0.000	12.695	14223.628	0.505	1.000
1.018	3301.478	3301.478	3301.478	3301.478	1688.055	655.975	103.110	39.280	0.982	13.748	14410.824	0.511	1.000
1.010	3274.930	3274.930	3274.930	3274.930	1730.525	616.772	108.900	33.660	0.990	19.800	14382.765	0.528	1.000
1.021	3318.922	3318.922	3318.922	3318.922	1811.301	644.584	108.737	39.184	0.000	18.613	14468.855	0.546	1.000
1.016	3338.689	3338.689	3338.689	3338.689	1731.355	642.737	94.491	44.293	0.000	17.717	14413.847	0.519	1.000
1.001	3375.965	3375.965	3375.965	3375.965	1745.431	624.439	103.907	32.970	0.000	16.985	14259.181	0.517	1.000
1.015	3355.426	3355.426	3355.426	3355.426	1758.026	688.823	105.442	45.330	0.000	16.752	14530.323	0.524	1.000
1.023	3451.741	3451.741	3451.741	3451.741	1735.649	642.434	99.739	42.047	0.000	18.579	14393.662	0.503	1.000
1.005	3244.716	3244.716	3244.716	3244.716	1739.733	609.752	104.444	44.762	0.000	11.936	14374.429	0.536	1.000
1.010	3378.121	3378.121	3378.121	3378.121	1685.596	675.030	107.886	38.601	0.000	14.847	14463.664	0.499	1.000
1.013	3460.850	3460.850	3460.850	3460.850	1750.667	674.397	100.715	44.433	0.987	15.798	14318.342	0.506	1.000
1.013	3341.232	3341.232	3341.232	3341.232	1663.209	615.308	111.605	37.531	0.000	11.852	14235.053	0.498	1.000
1.017	3278.292	3278.292	3278.292	3278.292	1670.111	645.829	80.606	28.507	0.000	18.677	14306.527	0.509	1.000
1.017	3389.626	3389.626	3389.626	3389.626	1701.205	657.865	92.435	39.334	1.967	14.750	14504.493	0.502	1.000
1.005	3232.705	3232.705	3232.705	3232.705	1688.013	622.057	85.595	46.779	0.000	16.920	14429.726	0.522	1.000
1.013	3441.932	3441.932	3441.932	3441.932	1615.379	671.019	118.415	41.445	0.000	11.842	14732.809	0.469	1.000
1.018	3426.219	3426.219	3426.219	3426.219	1685.106	641.618	110.048	33.407	0.000	15.721	14393.658	0.492	1.000
1.002	3415.293	3415.293	3415.293	3415.293	1688.684	623.775	120.763	45.910	0.000	11.976	14436.649	0.494	1.000
1.002	3409.338	3409.338	3409.338	3409.338	1781.995	654.529	105.762	47.892	0.000	22.948	14350.749	0.523	1.000
1.003	3405.739	3405.739	3405.739	3405.739	1693.897	671.975	110.667	39.880	0.000	13.958	14451.460	0.497	1.000
1.018	3400.374	3400.374	3400.374	3400.374	1711.980	619.143	93.363	33.414	1.966	5.897	14526.281	0.503	1.000
1.004	3304.283	3304.283	3304.283	3304.283	1649.653	601.322	105.530	42.809	0.000	23.894	14313.252	0.499	1.000
1.004	3345.857	3345.857	3345.857	3345.857	1708.290	610.601	111.562	40.840	0.000	8.965	14470.159	0.511	1.000
1.000	3361.179	3361.179	3361.179	3361.179	1711.582	643.843	106.974	35.991	1.000	9.998	14529.449	0.509	1.000
1.019	3311.646	3311.646	3311.646	3311.646	1757.380	646.629	121.672	39.249	0.000	20.606	14404.432	0.531	1.000
1.020	3448.248	3448.248	3448.248	3448.248	1682.933	639.436	95.131	44.133	0.000	17.653	14386.333	0.488	1.000
1.019	3418.696	3418.696	3418.696	3418.696	1645.530	597.928	112.909	42.218	0.000	21.600	14342.423	0.481	1.000
1.015	3319.659	3319.659	3319.659	3319.659	1663.772	621.943	103.493	41.397	0.000	16.756	14014.914	0.501	1.000
1.008	3329.416	3329.416	3329.416	3329.416	1634.441	654.967	87.329	39.695	0.000	13.893	14534.316	0.491	1.000
1.002	3335.746	3335.746	3335.746	3335.746	1718.747	616.475	79.803	42.894	0.998	16.958	14351.487	0.515	1.000
1.022	3459.548	3459.548	3459.548	3459.548	1714.605	636.126	91.994	44.040	0.000	18.594	14440.066	0.496	1.000
1.001	3353.846	3353.846	3353.846	3353.846	1714.899	651.582	99.936	33.978	0.000	18.988	14405.749	0.511	1.000
1.008	3366.634	3366.634	3366.634	3366.634	1766.168	658.840	103.192	42.666	0.000	22.821	14289.093	0.525	1.000
1.020	3470.899	3470.899	3470.899	3470.899	1684.969	665.558	92.139	50.971	0.000	13.723	14223.726	0.485	1.000
1.019	3377.454	3377.454	3377.454	3377.454	1667.127	630.327	99.164	29.455	0.000	22.582	14565.272	0.494	1.000
1.007	3349.552	3349.552	3349.552	3349.552	1758.217	625.806	106.288	42.714	0.000	23.840	14723.329	0.525	1.000
1.019	3310.211	3310.211	3310.211	3310.211	1739.480	634.768	90.261	41.206	0.000	22.565	14458.382	0.525	1.000
1.003	3341.652	3341.652	3341.652	3341.652	1768.054	680.097	107.699	34.902	0.000	15.955	14393.734	0.529	1.000
1.008	3428.188	3428.188	3428.188	3428.188	1783.571	692.784	102.230	44.664	0.000	16.873	14736.048	0.520	1.000
1.007	3325.153	3325.153	3325.153	3325.153	1721.688	623.901	103.321	37.752	0.000	15.896	14345.745	0.518	1.000
1.008	3301.401	3301.401	3301.401	3301.401	1787.061	594.034	94.212	37.685	0.000	18.842	14599.949	0.541	1.000
1.002	3327.064	3327.064	3327.064	3327.064	1666.526	659.625	102.786	31.933	0.000	15.967	14407.965	0.501	1.000
1.014	3307.321	3307.321	3307.321	3307.321	1690.649	593.799	97.651	39.455	0.986	19.728	14423.784	0.511	1.000
0.774	3333.491	3333.491	3333.491	3333.491	1774.673	637.228	91.771	32.314	0.000	15.511	14441.679	0.532	1.000
0.022	3666.107	3666.107	3666.107	3666.107	1719.902	724.169	181.042	135.782	0.000	45.261	15162.295	0.469	1.000
