Duration	Ch2	Ch4	Ch6	Ch8	Ch7	Ch2+Ch3	Ch3+Ch4	Ch3+Ch7	Ch3+Ch6	Ch2+Ch8	Ch3
1.007	6418.220	6418.220	6418.220	6418.220	5260.755	2708.370	541.475	83.457	199.700	0.000	59432.125	0.000	65850.345	0.820	1.000
1.011	6393.543	6393.543	6393.543	6393.543	5269.110	2725.538	523.153	85.049	202.734	0.989	59428.800	0.000	65822.343	0.824	1.000
1.018	6453.903	6453.903	6453.903	6453.903	5036.067	2739.447	537.089	90.333	194.412	0.000	59679.698	0.000	66133.600	0.780	1.000
1.003	6445.277	6445.277	6445.277	6445.277	5162.600	2770.662	540.179	85.711	169.429	0.000	60130.335	0.000	66575.611	0.801	1.000
1.017	6428.901	6428.901	6428.901	6428.901	5200.323	2690.094	550.403	81.578	198.538	0.000	59219.407	0.000	65648.308	0.809	1.000
1.007	6446.060	6446.060	6446.060	6446.060	5246.977	2729.699	525.095	94.299	209.442	0.000	59779.411	0.000	66225.470	0.814	1.000
1.000	6552.972	6552.972	6552.972	6552.972	5186.187	2918.542	535.916	91.986	194.969	0.000	59637.647	0.000	66190.619	0.791	1.000
1.008	6381.777	6381.777	6381.777	6381.777	5141.923	2751.484	522.723	83.318	187.466	0.992	60039.688	0.000	66421.466	0.806	1.000
1.008	6519.795	6519.795	6519.795	6519.795	5208.890	2875.855	496.179	93.282	184.579	0.000	59607.998	0.000	66127.793	0.799	1.000
1.014	6403.342	6403.342	6403.342	6403.342	5289.932	2708.082	560.157	79.882	165.680	0.000	59755.324	0.000	66158.666	0.826	1.000
1.009	6492.167	6492.167	6492.167	6492.167	5311.323	2844.537	526.472	82.292	169.542	0.000	60164.585	0.000	66656.752	0.818	1.000
1.017	6337.692	6337.692	6337.692	6337.692	5132.901	2666.276	533.059	90.482	187.849	0.000	59825.494	0.000	66163.186	0.810	1.000
1.001	6688.857	6688.857	6688.857	6688.857	5240.620	2839.543	568.308	86.894	185.774	0.000	60104.831	0.000	66793.689	0.783	1.000
1.011	6430.250	6430.250	6430.250	6430.250	5292.591	2747.201	513.431	108.820	188.950	0.000	59927.955	0.000	66358.206	0.823	1.000
1.007	6311.746	6311.746	6311.746	6311.746	5101.846	2707.872	534.422	92.382	182.776	0.000	59448.026	0.000	65759.773	0.808	1.000
1.005	6352.501	6352.501	6352.501	6352.501	5177.880	2758.022	526.143	79.568	208.866	0.995	59341.724	0.000	65694.225	0.815	1.000
1.007	6319.964	6319.964	6319.964	6319.964	5361.942	2719.193	488.442	106.226	192.597	1.986	59887.765	0.000	66207.729	0.848	1.000
1.017	6347.149	6347.149	6347.149	6347.149	5232.096	2801.399	496.562	78.663	184.859	0.000	59755.631	0.000	66102.780	0.824	1.000
1.019	6476.253	6476.253	6476.253	6476.253	5158.434	2760.258	523.988	82.425	175.644	0.000	59567.790	0.000	66044.043	0.797	1.000
1.022	6433.334	6433.334	6433.334	6433.334	5208.310	2733.800	539.128	94.910	166.337	0.978	59385.298	0.000	65818.632	0.810	1.000
1.012	6479.884	6479.884	6479.884	6479.884	5278.185	2797.705	498.073	101.789	195.671	0.000	60279.622	0.000	66759.506	0.815	1.000
1.007	6373.450	6373.450	6373.450	6373.450	5083.467	2717.008	516.390	76.466	188.681	0.000	59457.394	0.000	65830.843	0.798	1.000
1.009	6513.423	6513.423	6513.423	6513.423	5091.988	2767.536	527.338	70.378	193.291	0.991	59933.208	0.000	66446.632	0.782	1.000
1.003	6493.388	6493.388	6493.388	6493.388	5159.799	2802.829	494.734	83.786	181.536	0.997	59831.928	0.000	66325.316	0.795	1.000
1.006	6427.919	6427.919	6427.919	6427.919	5099.787	2765.616	517.932	86.488	203.793	0.000	60150.647	0.000	66578.565	0.793	1.000
1.022	6534.632	6534.632	6534.632	6534.632	5014.745	2821.528	490.318	71.443	188.885	1.957	59771.773	0.000	66306.406	0.767	1.000
1.004	6488.028	6488.028	6488.028	6488.028	5236.424	2869.628	503.828	94.592	196.154	0.000	60015.253	0.000	66503.281	0.807	1.000
1.020	6329.413	6329.413	6329.413	6329.413	5105.884	2703.922	543.137	103.922	168.627	0.000	59534.327	0.000	65863.740	0.807	1.000
1.008	6482.357	6482.357	6482.357	6482.357	5123.969	2741.581	555.659	107.163	197.457	0.000	60084.589	0.000	66566.946	0.790	1.000
1.024	6431.815	6431.815	6431.815	6431.815	5168.510	2799.202	525.644	98.680	183.682	0.000	59963.509	0.000	66395.323	0.804	1.000
1.024	6427.956	6427.956	6427.956	6427.956	5154.668	2839.510	489.200	80.069	162.090	0.000	59581.865	0.000	66009.821	0.802	1.000
1.005	6461.710	6461.710	6461.710	6461.710	5161.603	2831.167	566.432	99.549	187.152	0.000	59889.529	0.000	66351.238	0.799	1.000
1.027	6368.935	6368.935	6368.935	6368.935	5027.543	2689.604	517.269	90.595	186.061	0.974	59980.799	0.000	66349.734	0.789	1.000
1.013	6631.160	6631.160	6631.160	6631.160	5144.184	2867.315	513.431	93.800	204.385	0.000	59586.637	0.000	66217.796	0.776	1.000
1.015	6424.783	6424.783	6424.783	6424.783	5215.273	2775.569	550.583	96.524	159.561	0.000	59894.385	0.000	66319.168	0.812	1.000
1.007	6625.473	6625.473	6625.473	6625.473	5285.088	2756.229	529.204	82.409	177.725	0.000	59717.627	0.000	66343.100	0.798	1.000
1.006	6547.925	6546.931	6546.931	6546.931	5225.022	2780.980	522.800	67.586	208.723	0.000	59665.833	0.000	66212.765	0.798	1.000
1.002	6422.668	6422.668	6422.668	6422.668	5183.854	2675.280	540.047	83.852	211.627	0.000	59491.037	0.000	65913.705	0.807	1.000
1.003	6295.709	6295.709	6295.709	6295.709	5081.430	2766.523	506.448	78.759	186.429	0.000	59748.918	0.000	66044.627	0.807	1.000
1.016	6590.540	6590.540	6590.540	6590.540	5252.159	2745.648	570.780	96.442	195.837	0.000	59487.076	0.000	66077.615	0.797	1.000
1.004	6452.072	6452.072	6452.072	6452.072	5212.860	2770.297	516.006	96.627	178.311	0.000	59835.818	0.000	66287.890	0.808	1.000
1.008	6403.704	6403.704	6403.704	6403.704	5310.969	2751.669	521.578	86.269	225.091	0.000	59909.036	0.000	66312.740	0.829	1.000
1.002	6453.280	6453.280	6453.280	6453.280	5264.623	2704.669	544.926	87.827	196.612	0.000	59975.782	0.000	66429.062	0.816	1.000
1.010	6299.753	6299.753	6299.753	6299.753	5086.357	2718.007	520.027	97.072	173.342	0.991	59491.064	0.000	65790.817	0.807	1.000
1.008	6482.746	6482.746	6482.746	6482.746	5140.154	2785.408	497.146	86.331	179.608	0.000	59799.438	0.000	66282.184	0.793	1.000
1.017	6413.684	6413.684	6413.684	6413.684	5093.191	2834.685	577.163	82.592	161.252	0.000	59876.458	0.000	66290.142	0.794	1.000
1.013	6402.864	6402.864	6402.864	6402.864	5131.373	2778.918	514.322	79.962	200.398	0.000	59454.035	0.000	65856.899	0.801	1.000
1.002	6398.910	6398.910	6398.910	6398.910	4977.041	2678.103	514.866	77.829	207.543	0.000	59669.611	0.000	66068.521	0.778	1.000
1.010	6592.530	6592.530	6592.530	6592.530	5249.075	2792.841	550.450	88.112	186.123	0.000	60149.532	0.000	66742.062	0.796	1.000
1.017	6503.364	6504.347	6504.347	6504.347	5220.387	2799.936	569.229	101.262	212.355	0.000	59994.144	0.000	66498.491	0.803	1.000
1.019	6443.080	6443.080	6443.080	6443.080	5167.417	2781.927	524.984	77.521	198.218	1.963	59556.788	0.000	65999.868	0.802	1.000
1.006	6346.162	6346.162	6346.162	6346.162	5125.441	2746.624	520.894	85.490	164.022	0.000	60051.954	0.000	66398.117	0.808	1.000
1.011	6464.618	6464.618	6464.618	6464.618	5248.237	2760.096	524.131	78.125	191.852	0.000	59812.303	0.000	66276.922	0.812	1.000
1.015	6409.113	6409.113	6409.113	6409.113	5121.775	2724.390	547.636	104.405	198.961	0.000	59938.552	0.000	66347.664	0.799	1.000
1.005	6369.008	6369.008	6369.008	6369.008	5286.953	2706.132	529.093	101.443	155.148	0.000	59700.000	0.000	66069.008	0.830	1.000
1.022	6552.574	6552.574	6552.574	6552.574	5191.165	2787.413	530.470	73.404	179.107	0.000	59787.464	0.000	66340.037	0.792	1.000
1.013	6593.828	6593.828	6593.828	6593.828	5275.655	2865.422	517.395	88.866	199.454	0.000	59700.899	0.000	66294.727	0.800	1.000
1.013	6440.871	6440.871	6440.871	6440.871	5213.710	2815.660	519.298	93.790	188.566	0.000	59773.536	0.000	66214.407	0.809	1.000
1.019	6512.092	6512.092	6512.092	6512.092	5169.261	2681.738	592.454	87.299	187.349	0.000	59996.776	0.000	66508.868	0.794	1.000
1.017	6626.433	6626.433	6626.433	6626.433	5257.108	2854.645	543.601	77.657	219.210	0.983	59965.237	0.000	66591.670	0.793	1.000
1.018	6562.045	6562.045	6562.045	6562.045	5145.162	2825.911	563.611	83.462	179.688	0.000	59816.435	0.000	66378.480	0.784	1.000
1.004	6539.600	6539.600	6539.600	6539.600	5129.645	2842.828	554.018	78.718	196.298	0.000	60032.189	0.000	66571.788	0.784	1.000
1.009	6333.704	6333.704	6333.704	6333.704	5275.445	2711.047	502.376	85.216	169.440	0.000	60121.637	0.000	66455.342	0.833	1.000
1.019	6527.259	6527.259	6527.259	6527.259	5074.576	2778.747	531.996	106.007	212.995	0.000	60013.482	0.000	66540.741	0.777	1.000
1.025	6603.654	6603.654	6603.654	6603.654	5107.879	2853.973	560.062	104.402	197.095	0.000	60263.218	0.000	66866.872	0.773	1.000
1.018	6519.172	6519.172	6519.172	6519.172	5307.514	2802.635	531.636	90.408	199.486	0.983	60282.195	0.000	66801.366	0.814	1.000
1.018	6433.541	6433.541	6433.541	6433.541	5168.249	2729.024	522.621	114.937	188.615	0.000	59591.549	0.000	66025.091	0.803	1.000
1.015	6452.191	6452.191	6452.191	6452.191	5182.439	2762.129	538.832	93.581	180.267	0.000	60060.541	0.000	66512.732	0.803	1.000
1.007	6507.361	6507.361	6507.361	6507.361	5128.817	2818.665	552.212	72.503	179.767	0.000	59782.902	0.000	66290.263	0.788	1.000
1.007	6301.714	6301.714	6301.714	6301.714	5277.909	2738.753	482.608	106.253	215.486	0.000	59705.409	0.000	66007.123	0.838	1.000
1.002	6504.046	6504.046	6504.046	6504.046	5192.255	2792.297	545.082	103.825	212.642	0.000	59599.619	0.000	66103.665	0.798	1.000
1.018	6586.237	6586.237	6586.237	6586.237	5179.602	2829.970	580.532	87.424	180.741	0.982	60198.504	0.000	66784.741	0.786	1.000
1.012	6356.087	6356.087	6356.087	6356.087	5219.660	2725.449	553.391	95.855	175.899	0.988	59822.521	0.000	66178.608	0.821	1.000
1.019	6528.090	6528.090	6528.090	6528.090	5197.749	2764.677	556.271	98.108	188.367	0.981	59848.678	0.000	66376.768	0.796	1.000
1.013	6628.970	6628.970	6628.970	6628.970	5248.264	2822.645	521.468	96.788	211.353	0.000	60060.719	0.000	66689.689	0.792	1.000
1.025	6365.039	6365.039	6365.039	6365.039	5108.037	2738.470	553.354	68.315	194.211	0.000	59890.122	0.000	66255.161	0.803	1.000
1.006	6594.570	6594.570	6594.570	6594.570	5307.655	2834.194	547.560	80.494	191.795	0.000	59863.908	0.000	66458.478	0.805	1.000
1.005	6508.275	6508.275	6508.275	6508.275	5286.792	2783.150	539.123	101.459	180.039	0.000	59533.356	0.000	66041.631	0.812	1.000
1.012	6468.066	6467.078	6467.078	6467.078	5043.452	2727.712	509.779	97.806	209.444	0.000	60155.880	0.000	66622.959	0.780	1.000
1.017	6260.453	6260.453	6260.453	6260.453	5032.759	2708.207	512.523	73.780	170.185	0.000	59643.509	0.000	65903.963	0.804	1.000
1.017	6519.481	6519.481	6519.481	6519.481	5182.152	2809.375	523.132	80.633	189.783	0.000	59784.527	0.000	66304.008	0.795	1.000
1.022	6478.357	6478.357	6478.357	6478.357	5127.517	2856.229	526.250	91.947	187.807	0.000	59716.698	0.000	66195.055	0.791	1.000
1.018	6528.514	6528.514	6528.514	6528.514	5199.432	2819.265	551.083	104.126	209.235	0.000	59548.380	0.000	66076.895	0.796	1.000
1.018	6516.163	6516.163	6516.163	6516.163	5192.690	2793.343	551.201	85.480	192.577	0.000	59753.766	0.000	66269.929	0.797	1.000
1.016	6424.159	6424.159	6424.159	6424.159	5138.146	2755.181	497.272	70.898	182.169	0.985	60184.644	0.000	66608.804	0.800	1.000
1.021	6378.077	6378.077	6378.077	6378.077	5223.501	2745.913	546.441	104.783	174.313	0.979	59731.431	0.000	66109.508	0.819	1.000
1.004	6423.586	6423.586	6423.586	6423.586	5115.373	2713.995	546.582	77.656	184.185	0.000	59987.649	0.000	66411.235	0.796	1.000
1.010	6422.799	6422.799	6422.799	6422.799	5047.970	2751.638	528.552	81.163	199.939	0.000	59859.023	0.000	66281.822	0.786	1.000
1.006	6546.275	6546.275	6546.275	6546.275	5036.744	2760.514	559.859	96.459	179.990	0.000	59848.251	0.000	66394.527	0.769	1.000
1.020	6423.530	6423.530	6423.530	6423.530	5081.007	2766.381	508.591	75.456	187.169	0.980	59808.892	0.000	66232.422	0.791	1.000
1.017	6209.610	6209.610	6209.610	6209.610	5659.218	2635.988	498.302	86.490	178.878	0.000	56464.406	0.000	62674.017	0.911	1.000
1.000	2514.847	2514.847	2514.847	2514.847	13647.169	0.000	0.000	0.000	0.000	0.000	0.000	0.000	2514.847	5.427	1.000
1.026	2523.553	2523.553	2523.553	2523.553	13575.544	0.000	0.000	0.000	0.000	0.000	0.000	0.000	2523.553	5.380	1.000
1.010	2412.063	2412.063	2412.063	2412.063	13589.507	0.000	0.000	0.000	0.000	0.000	0.000	0.000	2412.063	5.634	1.000
1.013	2902.470	2902.470	2902.470	2902.470	12213.863	335.546	77.965	13.817	31.581	0.000	7269.499	0.000	10171.969	4.208	1.000
1.001	3618.724	3618.724	3618.724	3618.724	11262.915	842.470	172.891	28.982	51.967	0.000	18085.623	0.000	21704.347	3.112	1.000
1.008	2476.811	2476.811	2476.811	2476.811	13500.951	0.000	0.000	0.000	0.000	0.000	0.000	0.000	2476.811	5.451	1.000
1.005	2565.494	2565.494	2565.494	2565.494	13781.449	0.000	0.000	0.000	0.000	0.995	0.000	0.000	2565.494	5.372	1.000
1.012	0.000	0.000	0.000	0.000	0.000	0.000	0.000	0.000	0.000	0.000	3.954	0.000	3.954	NaN	NaN
1.000	2411.844	2411.844	2411.844	2411.844	6793.743	614.705	99.952	18.991	41.980	0.000	12367.071	0.000	14778.915	2.817	1.000
1.024	2540.271	2540.271	2540.271	2540.271	13421.848	0.000	0.000	0.000	0.000	0.000	0.000	0.000	2540.271	5.284	1.000
1.023	2457.636	2457.636	2457.636	2457.636	13480.826	0.000	0.000	0.000	0.000	0.000	0.000	0.000	2457.636	5.485	1.000
1.004	0.000	0.000	0.000	0.000	0.000	0.000	0.000	0.000	0.000	0.000	0.000	0.000	0.000	NaN	NaN
1.005	948.934	948.934	948.934	948.934	4724.778	37.798	6.963	0.000	3.979	0.000	920.088	0.000	1869.023	4.979	1.000
1.001	2431.148	2431.148	2431.148	2431.148	13601.046	0.000	0.000	0.000	0.000	0.000	0.000	0.000	2431.148	5.594	1.000
1.023	2420.663	2420.663	2420.663	2420.663	13609.872	0.000	0.000	0.000	0.000	0.000	0.000	0.000	2420.663	5.622	1.000
1.022	2436.149	2436.149	2436.149	2436.149	13576.882	0.000	0.000	0.000	0.000	0.000	0.000	0.000	2436.149	5.573	1.000
1.025	2462.171	2462.171	2462.171	2462.171	13730.775	0.000	0.000	0.000	0.000	0.000	0.000	0.000	2462.171	5.577	1.000
1.011	5029.279	5029.279	5029.279	5029.279	7526.610	1831.706	340.230	67.255	145.389	0.000	40182.802	0.000	45212.081	1.497	1.000
1.002	4663.409	4663.409	4663.409	4663.409	8950.673	1538.506	293.334	51.882	105.760	0.000	33300.375	0.000	37963.785	1.919	1.000
1.017	2409.153	2409.153	2409.153	2409.153	13709.252	0.000	0.000	0.000	0.000	0.000	0.000	0.000	2409.153	5.690	1.000
1.001	2467.475	2467.475	2467.475	2467.475	13167.528	4.995	1.998	0.999	0.000	0.000	217.777	0.000	2685.253	5.336	1.000
1.010	2430.665	2430.665	2430.665	2430.665	13474.102	0.000	0.000	0.000	0.000	0.000	0.000	0.000	2430.665	5.543	1.000
1.002	2495.334	2495.334	2495.334	2495.334	13515.312	0.000	0.000	0.000	0.000	0.000	0.000	0.000	2495.334	5.416	1.000
1.005	2483.788	2483.788	2483.788	2483.788	13372.865	0.000	0.000	0.000	0.000	0.000	0.000	0.000	2483.788	5.384	1.000
1.022	2483.988	2483.988	2483.988	2483.988	13708.406	0.000	0.000	0.000	0.000	0.000	0.000	0.000	2483.988	5.519	1.000
1.001	2488.484	2488.484	2488.484	2488.484	13009.621	90.872	17.975	0.999	6.990	0.000	1925.280	0.000	4413.765	5.228	1.000
1.016	2404.998	2404.998	2404.998	2404.998	13522.329	0.000	0.000	0.000	0.000	0.000	0.000	0.000	2404.998	5.623	1.000
1.027	2495.002	2495.002	2495.002	2495.002	13340.423	0.000	0.000	0.000	0.000	0.000	0.000	0.000	2495.002	5.347	1.000
1.005	2477.417	2477.417	2477.417	2477.417	13598.444	0.000	0.000	0.000	0.000	0.000	0.000	0.000	2477.417	5.489	1.000
1.015	4430.124	4430.124	4430.124	4430.124	8976.519	1413.974	263.088	53.209	94.593	0.000	30693.587	0.000	35123.711	2.026	1.000
1.023	6556.366	6556.366	6556.366	6556.366	5229.459	2772.043	530.567	85.985	208.123	0.000	59615.054	0.000	66171.421	0.798	1.000
1.007	6472.168	6473.161	6473.161	6473.161	5237.105	2755.064	567.891	91.339	184.664	0.993	60396.971	0.000	66870.131	0.809	1.000
1.022	6533.524	6533.524	6533.524	6533.524	5134.252	2802.458	527.418	107.636	182.003	0.000	59791.973	0.000	66325.498	0.786	1.000
1.006	6539.767	6539.767	6539.767	6539.767	5239.962	2819.225	507.798	85.461	186.822	0.000	60019.582	0.000	66559.349	0.801	1.000
1.008	6390.888	6390.888	6390.888	6390.888	5129.972	2673.617	508.930	90.278	188.493	0.000	59999.149	0.000	66390.037	0.803	1.000
1.009	6384.808	6384.808	6384.808	6384.808	5223.844	2697.681	504.638	84.272	183.415	0.000	59695.972	0.000	66080.780	0.818	1.000
1.008	6415.311	6415.311	6415.311	6415.311	5287.573	2738.509	548.495	80.340	177.542	0.000	59624.304	0.000	66039.615	0.824	1.000
1.019	6561.012	6561.012	6561.012	6561.012	5151.856	2829.105	560.326	97.149	192.336	0.981	60249.244	0.000	66810.256	0.785	1.000
1.020	6517.416	6517.416	6517.416	6517.416	5160.397	2791.497	527.512	91.187	195.120	0.000	59783.340	0.000	66300.755	0.792	1.000
1.019	6438.439	6438.439	6438.439	6438.439	5239.449	2749.239	478.811	95.174	187.403	0.000	59728.733	0.000	66167.172	0.814	1.000
1.004	6404.810	6404.810	6404.810	6404.810	5131.217	2732.400	496.891	90.615	190.193	0.000	59412.778	0.000	65817.588	0.801	1.000
1.009	6512.562	6512.562	6512.562	6512.562	5125.793	2844.909	514.463	89.213	197.260	0.000	59665.775	0.000	66178.337	0.787	1.000
1.016	6576.051	6576.051	6576.051	6576.051	5167.951	2864.415	522.502	102.336	205.655	0.000	60234.379	0.000	66810.430	0.786	1.000
1.014	6335.628	6335.628	6335.628	6335.628	5243.040	2687.095	550.238	81.845	190.315	0.000	59917.781	0.000	66253.409	0.828	1.000
1.023	6483.033	6483.033	6483.033	6483.033	5239.042	2798.002	503.660	101.710	220.046	0.000	59827.961	0.000	66310.995	0.808	1.000
1.001	6409.213	6409.213	6409.213	6409.213	5158.952	2791.351	516.695	85.949	180.893	0.000	59752.693	0.000	66161.906	0.805	1.000
1.021	6367.185	6367.185	6367.185	6367.185	5168.933	2767.533	495.356	80.275	179.151	0.000	59790.259	0.000	66157.444	0.812	1.000
1.020	6474.658	6474.658	6474.658	6474.658	5027.785	2837.871	518.561	84.303	211.737	0.000	59530.586	0.000	66005.244	0.777	1.000
1.024	6355.300	6355.300	6355.300	6355.300	5254.274	2685.214	571.987	81.015	199.122	0.000	60016.634	0.000	66371.934	0.827	1.000
1.007	6387.879	6387.879	6387.879	6387.879	5132.550	2735.109	501.536	107.259	190.683	0.000	59564.589	0.000	65952.468	0.803	1.000
1.004	6463.047	6463.047	6463.047	6463.047	5035.558	2760.343	541.908	79.692	186.281	0.996	59431.542	0.000	65894.589	0.779	1.000
1.001	6344.690	6344.690	6344.690	6344.690	5121.906	2718.297	493.509	75.924	165.835	0.000	59696.633	0.000	66041.323	0.807	1.000
1.015	6291.306	6291.306	6291.306	6291.306	5061.212	2729.056	493.416	76.819	184.169	0.000	59786.116	0.000	66077.421	0.804	1.000
1.004	6444.590	6444.590	6444.590	6444.590	5257.901	2748.018	559.966	73.732	180.345	0.000	59850.595	0.000	66295.185	0.816	1.000
1.020	6375.145	6375.145	6375.145	6375.145	5245.447	2756.581	494.243	103.948	214.760	0.000	60007.365	0.000	66382.510	0.823	1.000
1.006	6576.893	6576.893	6576.893	6576.893	5178.209	2826.195	526.867	94.438	184.901	0.000	59677.149	0.000	66254.042	0.787	1.000
1.004	6512.299	6512.299	6512.299	6512.299	5196.291	2747.579	504.088	93.645	204.225	0.000	60097.057	0.000	66609.356	0.798	1.000
1.021	6563.505	6563.505	6563.505	6563.505	5139.894	2804.113	551.613	93.079	190.076	0.000	59846.545	0.000	66410.050	0.783	1.000
1.017	6332.464	6332.464	6332.464	6332.464	5151.151	2757.051	524.263	92.459	181.967	0.000	59462.011	0.000	65794.475	0.813	1.000
1.027	6438.665	6438.665	6438.665	6438.665	5159.692	2834.375	500.298	85.654	181.042	0.000	59592.935	0.000	66031.600	0.801	1.000
1.005	6503.662	6503.662	6503.662	6503.662	5208.699	2821.668	529.125	83.546	171.070	0.000	60097.460	0.000	66601.123	0.801	1.000
1.002	6631.736	6631.736	6631.736	6631.736	5108.472	2787.165	516.733	89.780	203.501	0.000	59528.009	0.000	66159.745	0.770	1.000
1.004	6372.514	6372.514	6372.514	6372.514	5113.352	2772.347	495.098	84.675	185.288	0.000	59591.024	0.000	65963.538	0.802	1.000
1.022	6467.124	6467.124	6467.124	6467.124	5129.672	2738.499	526.371	88.055	173.174	0.000	59969.123	0.000	66436.247	0.793	1.000
1.009	6505.426	6505.426	6505.426	6505.426	5235.276	2719.766	567.155	83.288	197.314	0.000	59591.921	0.000	66097.347	0.805	1.000
1.020	6569.899	6569.899	6569.899	6569.899	5138.677	2842.839	536.218	82.344	199.979	0.000	59518.269	0.000	66088.169	0.782	1.000
1.002	6372.219	6372.219	6372.219	6372.219	5080.216	2772.569	531.767	74.826	175.593	0.998	59993.837	0.000	66366.056	0.797	1.000
1.007	6383.912	6383.912	6383.912	6383.912	5168.307	2785.761	503.523	77.465	175.786	0.000	59622.246	0.000	66006.158	0.810	1.000
1.024	6642.846	6642.846	6642.846	6642.846	5155.700	2920.587	563.416	94.716	192.362	0.976	59847.133	0.000	66489.979	0.776	1.000
1.025	6404.282	6404.282	6404.282	6404.282	5146.263	2712.206	555.324	78.077	188.361	0.000	59630.478	0.000	66034.760	0.804	1.000
1.005	6408.915	6408.915	6408.915	6408.915	5147.231	2713.416	517.410	86.567	193.034	0.000	59773.754	0.000	66182.669	0.803	1.000
1.021	6480.234	6480.234	6480.234	6480.234	5154.020	2752.337	561.242	78.358	205.691	0.979	59563.110	0.000	66043.345	0.795	1.000
1.003	6380.147	6380.147	6380.147	6380.147	5267.783	2801.842	486.410	98.677	195.361	0.000	59952.051	0.000	66332.198	0.826	1.000
1.013	6599.111	6599.111	6599.111	6599.111	5028.834	2809.708	536.264	100.735	214.308	0.000	59486.805	0.000	66085.916	0.762	1.000
1.000	6474.314	6474.314	6474.314	6474.314	5039.909	2708.876	520.784	84.965	201.916	0.000	59877.158	0.000	66351.472	0.778	1.000
1.019	6569.225	6569.225	6569.225	6569.225	5325.842	2857.721	531.897	93.229	199.216	0.000	60057.284	0.000	66626.509	0.811	1.000
1.012	6417.933	6417.933	6417.933	6417.933	5233.160	2747.014	532.604	69.169	189.722	0.000	60016.317	0.000	66434.250	0.815	1.000
1.014	6452.153	6452.153	6452.153	6452.153	5168.824	2774.791	545.489	84.832	215.039	0.000	59392.160	0.000	65844.313	0.801	1.000
1.012	6376.336	6376.336	6376.336	6376.336	5003.488	2740.758	531.361	85.926	206.421	0.000	59756.422	0.000	66132.758	0.785	1.000
1.014	6373.487	6373.487	6373.487	6373.487	5268.486	2744.743	532.768	87.808	172.656	0.987	59874.270	0.000	66247.756	0.827	1.000
1.016	6609.851	6609.851	6609.851	6609.851	5100.096	2886.643	511.781	86.609	208.649	0.000	59841.985	0.000	66451.836	0.772	1.000
1.005	6529.378	6529.378	6530.372	6530.372	5318.981	2812.655	516.184	94.485	164.105	0.000	59830.582	0.000	66359.960	0.815	1.000
1.019	6373.115	6373.115	6373.115	6373.115	5191.527	2731.195	506.395	91.269	211.979	0.000	59679.992	0.000	66053.107	0.815	1.000
1.010	6362.957	6362.957	6362.957	6362.957	5148.607	2735.754	509.116	99.050	167.394	0.000	59606.167	0.000	65969.124	0.809	1.000
1.015	6350.901	6350.901	6350.901	6350.901	5187.144	2727.586	509.452	102.482	182.299	0.985	59354.565	0.000	65705.466	0.817	1.000
1.015	6400.743	6400.743	6400.743	6400.743	5195.491	2735.714	543.989	85.737	195.127	0.000	60011.276	0.000	66412.019	0.812	1.000
1.002	6480.823	6480.823	6480.823	6480.823	5059.274	2779.207	528.089	95.835	177.694	0.000	59606.198	0.000	66087.021	0.781	1.000
1.010	6485.465	6485.465	6485.465	6485.465	5258.297	2817.829	520.977	88.150	197.099	0.000	59396.279	0.000	65881.743	0.811	1.000
1.013	6523.302	6523.302	6523.302	6523.302	5209.952	2753.098	513.490	92.823	201.446	0.000	59548.091	0.000	66071.393	0.799	1.000
1.027	6530.516	6530.516	6530.516	6530.516	5134.599	2832.748	557.198	92.542	167.549	0.000	59911.446	0.000	66441.962	0.786	1.000
1.009	6350.725	6350.725	6350.725	6350.725	5066.899	2727.263	511.548	93.189	179.438	0.000	59743.017	0.000	66093.742	0.798	1.000
1.019	6514.009	6514.009	6514.009	6514.009	5169.397	2833.501	541.771	100.110	175.683	0.000	60050.192	0.000	66564.201	0.794	1.000
1.016	6374.834	6374.834	6374.834	6374.834	5077.423	2772.994	505.970	79.735	190.969	0.000	59973.251	0.000	66348.085	0.796	1.000
1.024	6365.264	6365.264	6365.264	6365.264	5154.926	2811.423	522.624	66.427	197.327	0.000	59773.502	0.000	66138.766	0.810	1.000
1.025	6425.488	6425.488	6425.488	6425.488	5106.813	2747.645	525.127	87.847	196.191	0.000	59925.018	0.000	66350.506	0.795	1.000
1.003	6476.066	6476.066	6476.066	6476.066	5033.837	2785.716	529.615	78.794	184.518	0.000	59842.522	0.000	66318.588	0.777	1.000
1.011	6331.015	6331.015	6331.015	6331.015	5127.746	2781.570	467.058	100.932	171.189	0.000	59544.001	0.000	65875.016	0.810	1.000
1.008	6466.424	6466.424	6466.424	6466.424	5127.106	2798.678	523.822	76.391	193.457	0.000	60162.147	0.000	66628.571	0.793	1.000
1.004	6297.582	6297.582	6297.582	6297.582	5101.839	2672.487	475.308	73.738	193.312	0.000	59606.817	0.000	65904.399	0.810	1.000
1.005	6512.148	6512.148	6512.148	6512.148	5176.476	2786.797	536.458	82.609	194.081	0.000	59744.949	0.000	66257.097	0.795	1.000
1.010	6441.548	6441.548	6441.548	6441.548	5104.922	2847.509	514.849	99.009	189.108	0.000	59871.940	0.000	66313.488	0.792	1.000
1.012	6519.371	6519.371	6519.371	6519.371	5159.150	2788.650	548.635	78.094	204.626	0.000	60050.372	0.000	66569.742	0.791	1.000
1.019	6418.176	6418.176	6418.176	6418.176	5241.151	2767.335	519.305	76.570	183.573	0.000	59675.886	0.000	66094.063	0.817	1.000
1.020	6429.203	6429.203	6429.203	6429.203	5001.471	2762.372	490.936	95.051	188.143	0.000	59659.988	0.000	66089.191	0.778	1.000
1.010	6369.185	6369.185	6369.185	6369.185	5213.762	2713.809	516.822	93.068	192.076	0.000	59719.649	0.000	66088.834	0.819	1.000
1.003	6435.747	6435.747	6435.747	6435.747	5282.198	2790.652	549.357	100.699	202.395	0.000	59969.598	0.000	66405.345	0.821	1.000
1.002	6595.268	6595.268	6595.268	6595.268	5072.976	2848.932	546.029	88.842	189.663	0.000	60055.168	0.000	66650.436	0.769	1.000
1.013	6635.939	6635.939	6635.939	6635.939	5171.926	2880.641	548.882	82.925	193.491	0.000	60078.841	0.000	66714.780	0.779	1.000
1.014	6511.678	6511.678	6511.678	6511.678	5220.391	2749.288	547.490	80.890	207.158	0.000	59961.500	0.000	66473.178	0.802	1.000
1.022	6516.149	6516.149	6516.149	6516.149	5118.363	2757.397	545.215	72.434	187.938	0.000	59771.006	0.000	66287.154	0.785	1.000
1.005	6547.464	6547.464	6547.464	6547.464	5019.059	2801.081	552.256	88.560	176.125	0.000	59802.826	0.000	66350.290	0.767	1.000
1.011	6511.749	6511.749	6511.749	6511.749	5314.402	2820.835	535.889	92.940	205.655	0.000	59795.175	0.000	66306.924	0.816	1.000
1.002	6462.008	6462.008	6462.008	6462.008	5025.673	2856.699	552.974	78.854	177.670	0.000	59353.852	0.000	65815.860	0.778	1.000
1.004	6610.484	6610.484	6610.484	6610.484	5100.995	2873.604	545.646	86.626	177.235	0.000	60041.992	0.000	66652.476	0.772	1.000
1.015	6395.896	6395.896	6395.896	6395.896	5194.942	2721.113	564.518	101.475	180.291	0.000	60071.378	0.000	66467.274	0.812	1.000
1.021	6511.643	6511.643	6511.643	6511.643	5218.328	2752.212	544.760	102.877	197.916	0.000	59253.401	0.000	65765.044	0.801	1.000
1.017	6456.304	6456.304	6456.304	6456.304	5087.559	2709.956	496.563	92.430	197.642	0.000	59801.929	0.000	66258.233	0.788	1.000
1.008	6493.618	6493.618	6493.618	6493.618	5120.483	2775.042	547.666	101.199	202.398	0.000	59724.416	0.000	66218.033	0.789	1.000
1.008	6456.641	6456.641	6456.641	6456.641	5097.087	2852.981	527.558	93.215	172.547	0.992	59620.055	0.000	66076.696	0.789	1.000
1.021	6421.664	6421.664	6421.664	6421.664	5199.795	2816.760	562.960	101.822	202.666	0.000	59576.867	0.000	65998.531	0.810	1.000
1.003	6410.446	6410.446	6410.446	6410.446	5207.116	2711.728	523.403	89.726	198.395	0.000	59821.523	0.000	66231.969	0.812	1.000
1.017	6526.933	6527.916	6527.916	6527.916	5078.032	2778.861	521.958	88.467	183.816	0.000	59400.988	0.000	65928.904	0.778	1.000
1.012	6466.204	6466.204	6466.204	6466.204	5119.984	2806.107	505.080	85.004	162.100	0.000	59779.275	0.000	66245.479	0.792	1.000
1.020	6507.345	6507.345	6507.345	6507.345	5166.675	2802.862	534.112	86.242	183.264	0.980	59891.094	0.000	66398.439	0.794	1.000
1.013	6497.695	6497.695	6497.695	6497.695	5163.215	2839.719	511.288	106.600	177.667	0.000	59758.463	0.000	66256.158	0.795	1.000
1.008	6411.499	6411.499	6411.499	6411.499	5043.064	2738.854	541.817	85.341	196.483	0.000	59625.649	0.000	66037.148	0.787	1.000
1.018	6400.119	6400.119	6400.119	6400.119	5164.112	2709.783	535.472	82.531	175.871	0.983	59314.585	0.000	65714.704	0.807	1.000
1.002	6493.208	6493.208	6493.208	6493.208	5213.124	2827.559	536.777	87.800	174.602	0.000	59542.360	0.000	66035.568	0.803	1.000
1.003	6410.169	6410.169	6410.169	6410.169	5190.133	2762.024	531.273	90.705	145.527	0.000	59760.792	0.000	66170.961	0.810	1.000
1.016	6400.529	6400.529	6400.529	6400.529	5245.383	2750.112	539.199	95.442	179.077	0.000	59862.900	0.000	66263.428	0.820	1.000
1.012	6453.386	6453.386	6453.386	6453.386	5202.017	2768.417	549.140	95.803	160.989	0.000	60036.042	0.000	66489.427	0.806	1.000
1.023	6347.909	6347.909	6347.909	6347.909	5117.232	2776.110	511.234	86.020	197.456	0.000	59746.002	0.000	66093.910	0.806	1.000
1.015	6440.269	6440.269	6440.269	6440.269	5250.766	2753.498	532.172	86.724	198.086	0.000	59573.719	0.000	66013.988	0.815	1.000
1.022	6614.395	6614.395	6614.395	6614.395	5303.645	2815.177	575.165	90.970	174.115	0.000	59945.276	0.000	66559.671	0.802	1.000
1.005	6503.087	6503.087	6503.087	6503.087	5049.772	2805.097	489.747	96.556	176.190	0.000	60014.942	0.000	66518.029	0.777	1.000
1.026	6533.425	6533.425	6533.425	6533.425	5064.111	2824.553	535.271	83.849	205.723	0.000	60388.113	0.000	66921.538	0.775	1.000
1.005	6432.853	6432.853	6432.853	6432.853	5127.377	2803.987	488.559	90.548	195.025	0.995	59712.595	0.000	66145.448	0.797	1.000
1.003	6435.555	6435.555	6435.555	6435.555	5159.015	2730.598	517.597	87.762	172.532	0.000	59187.560	0.000	65623.115	0.802	1.000
1.001	6566.227	6566.227	6567.226	6567.226	5044.260	2867.169	516.310	83.888	194.740	0.000	59746.173	0.000	66312.400	0.768	1.000
1.016	6422.762	6422.762	6422.762	6422.762	5202.801	2858.390	507.086	94.525	186.096	0.000	59770.183	0.000	66192.944	0.810	1.000
1.009	6531.103	6531.103	6531.103	6531.103	5209.816	2807.115	559.044	92.183	188.330	0.000	59759.243	0.000	66290.346	0.798	1.000
1.016	6370.114	6370.114	6370.114	6370.114	5112.622	2740.310	509.688	81.668	186.951	0.000	59880.452	0.000	66250.566	0.803	1.000
1.017	6574.302	6574.302	6574.302	6574.302	5177.668	2792.285	545.483	72.731	198.536	0.000	59888.168	0.000	66462.470	0.788	1.000
1.003	6518.925	6518.925	6518.925	6518.925	5209.956	2801.373	545.321	84.739	214.340	0.000	59502.764	0.000	66021.690	0.799	1.000
1.002	6440.980	6440.980	6440.980	6440.980	5134.621	2772.396	506.975	93.810	200.595	0.000	59740.240	0.000	66181.220	0.797	1.000
1.002	6437.241	6437.241	6437.241	6437.241	5051.633	2767.225	496.784	98.758	165.595	0.998	59622.036	0.000	66059.277	0.785	1.000
1.019	6476.373	6476.373	6476.373	6476.373	5273.520	2794.230	516.069	86.339	180.526	0.000	59355.796	0.000	65832.169	0.814	1.000
1.000	6444.794	6444.794	6444.794	6444.794	5156.835	2782.911	556.982	79.997	196.994	0.000	60218.075	0.000	66662.869	0.800	1.000
1.005	6564.818	6564.818	6564.818	6564.818	5156.721	2848.038	559.258	68.663	186.088	0.000	60169.042	0.000	66733.861	0.786	1.000
1.027	6317.892	6317.892	6317.892	6317.892	5048.860	2783.495	486.966	82.784	176.282	0.000	59965.920	0.000	66283.812	0.799	1.000
1.016	6633.840	6633.840	6633.840	6633.840	5173.548	2830.977	522.869	91.576	201.861	0.000	59947.779	0.000	66581.619	0.780	1.000
1.019	6636.858	6636.858	6636.858	6636.858	5126.116	2816.321	538.920	89.329	195.346	0.000	59694.419	0.000	66331.277	0.772	1.000
1.007	6485.225	6485.225	6485.225	6485.225	5204.671	2760.790	511.625	96.364	183.788	0.000	59863.153	0.000	66348.377	0.803	1.000
1.006	6552.988	6552.988	6552.988	6552.988	5076.776	2809.275	514.934	86.485	203.787	0.000	59609.126	0.000	66162.114	0.775	1.000
1.016	6509.335	6509.335	6509.335	6509.335	5128.895	2750.049	531.696	88.616	180.186	0.000	59663.158	0.000	66172.493	0.788	1.000
1.016	6333.509	6333.509	6333.509	6333.509	5312.706	2729.689	518.769	74.813	168.329	0.000	60091.553	0.000	66425.062	0.839	1.000
1.009	6508.343	6508.343	6508.343	6508.343	5063.146	2790.281	567.968	86.236	207.165	0.000	59755.627	0.000	66263.969	0.778	1.000
1.013	6529.743	6529.743	6529.743	6529.743	5111.822	2850.653	517.403	94.791	187.608	0.000	60072.051	0.000	66601.794	0.783	1.000
1.007	6366.206	6366.206	6366.206	6366.206	5202.758	2761.700	541.023	101.256	160.818	0.000	59846.106	0.000	66212.312	0.817	1.000
1.014	6333.848	6333.848	6333.848	6333.848	5150.320	2716.197	544.423	86.792	172.598	0.000	59683.352	0.000	66017.200	0.813	1.000
1.022	6369.732	6369.732	6369.732	6369.732	5067.789	2819.245	483.579	110.616	188.929	0.000	59742.548	0.000	66112.280	0.796	1.000
1.017	6349.103	6349.103	6349.103	6349.103	5123.355	2727.931	506.630	84.602	178.058	0.000	59582.608	0.000	65931.711	0.807	1.000
1.024	6469.863	6469.863	6469.863	6469.863	5088.415	2709.200	513.528	85.913	193.305	0.000	59540.901	0.000	66010.765	0.786	1.000
1.006	6600.650	6600.650	6600.650	6600.650	5224.272	2807.413	545.582	94.409	201.736	0.000	60030.930	0.000	66631.580	0.791	1.000
1.003	6514.095	6514.095	6514.095	6514.095	5105.965	2738.473	515.583	95.737	183.496	0.000	59325.930	0.000	65840.024	0.784	1.000
1.011	6443.619	6443.619	6443.619	6443.619	5198.604	2772.852	508.290	93.945	193.823	1.978	59994.084	0.000	66437.703	0.807	1.000
1.007	6482.524	6482.524	6482.524	6482.524	5181.650	2821.209	550.141	81.429	184.704	0.000	59395.331	0.000	65877.855	0.799	1.000
1.001	6445.537	6445.537	6445.537	6445.537	5229.756	2767.225	536.462	95.904	188.811	0.000	59706.134	0.000	66151.671	0.811	1.000
1.011	6420.042	6420.042	6420.042	6420.042	5035.773	2799.190	492.404	92.944	176.000	0.000	59777.677	0.000	66197.718	0.784	1.000
1.018	6375.136	6375.136	6375.136	6375.136	5178.693	2745.532	527.496	89.389	168.956	0.000	59636.499	0.000	66011.635	0.812	1.000
1.009	6459.250	6459.250	6459.250	6459.250	5130.337	2806.474	510.358	94.144	196.215	0.000	59600.905	0.000	66060.155	0.794	1.000
1.008	6369.939	6369.939	6369.939	6369.939	5157.231	2730.824	484.885	81.310	187.409	0.992	59311.630	0.000	65681.569	0.810	1.000
1.012	6465.425	6465.425	6465.425	6465.425	5061.487	2699.196	516.720	90.895	201.551	0.000	59537.436	0.000	66002.862	0.783	1.000
1.019	6326.363	6326.363	6326.363	6326.363	5097.000	2664.764	536.681	83.397	186.416	0.981	59656.971	0.000	65983.334	0.806	1.000
1.025	6542.242	6542.242	6542.242	6542.242	5233.403	2766.032	562.186	92.722	189.347	0.000	59735.170	0.000	66277.413	0.800	1.000
1.022	6312.508	6312.508	6312.508	6312.508	5089.533	2695.437	527.347	91.968	179.044	0.000	59583.346	0.000	65895.854	0.806	1.000
1.012	6383.075	6383.075	6383.075	6383.075	5103.298	2715.698	527.723	97.836	175.908	0.000	60060.596	0.000	66443.671	0.800	1.000
1.022	6226.329	6226.329	6226.329	6226.329	5156.974	2626.916	497.989	89.031	179.041	0.000	59229.372	0.000	65455.701	0.828	1.000
1.009	6440.166	6440.166	6440.166	6440.166	5163.031	2767.290	505.305	98.089	176.361	0.000	59223.763	0.000	65663.928	0.802	1.000
1.027	6492.533	6492.533	6492.533	6492.533	5160.157	2775.701	524.580	84.673	204.382	0.973	59682.444	0.000	66174.977	0.795	1.000
1.010	6517.825	6517.825	6517.825	6517.825	5169.105	2764.778	512.949	90.113	200.030	0.000	59713.065	0.000	66230.891	0.793	1.000
1.011	6414.159	6414.159	6414.159	6414.159	5088.183	2745.957	491.798	96.974	203.844	0.000	59802.481	0.000	66216.640	0.793	1.000
1.005	6469.709	6469.709	6469.709	6469.709	5133.379	2770.174	570.154	97.513	197.017	0.000	59509.977	0.000	65979.685	0.793	1.000
1.012	6597.329	6597.329	6597.329	6597.329	5138.941	2777.459	539.485	85.962	178.840	0.000	59997.460	0.000	66594.789	0.779	1.000
1.016	6461.615	6461.615	6461.615	6461.615	5109.047	2717.934	572.922	102.378	187.036	0.000	59718.754	0.000	66180.370	0.791	1.000
1.013	6464.103	6464.103	6464.103	6464.103	5151.730	2800.519	506.582	78.012	183.673	0.000	60037.354	0.000	66501.456	0.797	1.000
1.018	6436.154	6436.154	6436.154	6436.154	5079.157	2767.055	505.066	98.262	171.958	0.000	59801.205	0.000	66237.359	0.789	1.000
1.014	6566.442	6566.442	6566.442	6566.442	5056.949	2761.652	516.639	83.806	168.598	1.972	59655.043	0.000	66221.485	0.770	1.000
1.018	6364.799	6364.799	6364.799	6364.799	5190.500	2733.807	544.403	79.597	175.899	0.000	59679.936	0.000	66044.735	0.816	1.000
1.022	6423.556	6423.556	6423.556	6423.556	5140.801	2768.049	497.055	120.350	181.993	0.000	59542.887	0.000	65966.443	0.800	1.000
1.019	6501.128	6501.128	6501.128	6501.128	5064.284	2842.280	529.002	83.423	179.605	0.000	59965.640	0.000	66466.768	0.779	1.000
1.012	6505.450	6505.450	6505.450	6505.450	5172.544	2813.034	500.951	79.046	177.853	0.000	59629.009	0.000	66134.458	0.795	1.000
1.021	6287.925	6287.925	6287.925	6287.925	5083.833	2695.245	509.461	96.994	172.433	0.000	59676.502	0.000	65964.427	0.809	1.000
1.007	6442.451	6442.451	6442.451	6442.451	5124.158	2791.563	477.844	80.469	209.616	0.000	59880.520	0.000	66322.971	0.795	1.000
1.012	6541.789	6541.789	6541.789	6541.789	5133.837	2711.172	558.241	80.031	207.488	0.000	59932.312	0.000	66474.101	0.785	1.000
1.005	6554.951	6554.951	6554.951	6554.951	5191.410	2833.578	545.417	91.566	183.133	0.000	60156.062	0.000	66711.013	0.792	1.000
1.004	6426.509	6426.509	6426.509	6426.509	5153.755	2706.842	506.910	83.655	222.085	0.000	59445.955	0.000	65872.464	0.802	1.000
1.012	6381.912	6381.912	6381.912	6381.912	5272.315	2800.176	492.056	86.950	192.673	0.000	59987.399	0.000	66369.311	0.826	1.000
1.018	6510.371	6510.371	6510.371	6510.371	5195.333	2789.177	537.211	94.282	192.492	0.000	59697.224	0.000	66207.595	0.798	1.000
1.026	6506.956	6506.956	6506.956	6506.956	5120.404	2837.415	552.477	81.849	172.466	0.000	59498.018	0.000	66004.974	0.787	1.000
1.019	6377.943	6377.943	6377.943	6377.943	5103.727	2669.084	545.392	76.512	185.394	0.000	59534.004	0.000	65911.947	0.800	1.000
1.006	6485.023	6485.023	6485.023	6485.023	5260.814	2783.558	513.153	93.481	185.968	0.000	59861.902	0.000	66346.925	0.811	1.000
1.001	6373.672	6373.672	6373.672	6373.672	5022.801	2736.712	506.577	84.929	171.856	0.000	59384.359	0.000	65758.031	0.788	1.000
1.015	6370.200	6370.200	6370.200	6370.200	5214.043	2750.925	510.562	92.650	213.884	0.986	60146.791	0.000	66516.990	0.819	1.000
1.012	6560.808	6560.808	6560.808	6560.808	5099.995	2859.358	519.883	105.756	209.535	0.000	60005.988	0.000	66566.795	0.777	1.000
1.007	6460.251	6460.251	6460.251	6460.251	5238.283	2795.339	551.921	91.325	191.584	0.000	60104.751	0.000	66565.001	0.811	1.000
1.002	6370.462	6370.462	6370.462	6370.462	5147.868	2743.600	520.975	102.798	161.682	0.000	59701.497	0.000	66071.958	0.808	1.000
1.014	6317.825	6317.825	6317.825	6317.825	5202.740	2718.203	526.485	87.748	153.805	0.000	59344.960	0.000	65662.784	0.824	1.000
1.005	6591.790	6591.790	6591.790	6591.790	5105.601	2819.080	491.746	80.630	173.206	0.000	59941.287	0.000	66533.077	0.775	1.000
1.022	6576.538	6576.538	6576.538	6576.538	5041.262	2856.258	502.952	75.345	203.529	0.979	59922.718	0.000	66499.255	0.767	1.000
1.021	6533.196	6533.196	6533.196	6533.196	5164.280	2837.710	511.140	81.273	161.567	0.000	59898.402	0.000	66431.598	0.790	1.000
1.027	6462.414	6462.414	6462.414	6462.414	5129.225	2779.345	526.848	91.541	186.978	0.000	59982.813	0.000	66445.227	0.794	1.000
1.006	6382.065	6382.065	6382.065	6382.065	5099.093	2716.005	554.530	93.415	185.837	0.000	59431.121	0.000	65813.186	0.799	1.000
1.014	6477.591	6477.591	6477.591	6477.591	5108.127	2819.773	531.419	93.664	174.510	0.000	59827.501	0.000	66305.092	0.789	1.000
1.001	6473.364	6473.364	6473.364	6473.364	5204.253	2798.834	504.249	87.869	222.669	0.000	59616.253	0.000	66089.617	0.804	1.000
1.016	6483.246	6483.246	6483.246	6483.246	5142.326	2848.103	492.884	80.672	189.874	0.000	59769.825	0.000	66253.072	0.793	1.000
1.008	6474.017	6474.017	6474.017	6474.017	5209.367	2731.644	540.576	88.278	183.498	0.000	59660.737	0.000	66134.753	0.805	1.000
1.006	6555.050	6555.050	6555.050	6555.050	5243.443	2807.176	557.855	97.451	173.025	0.994	59631.864	0.000	66186.914	0.800	1.000
1.011	6428.213	6428.213	6428.213	6428.213	5091.517	2756.503	480.854	82.121	189.967	0.989	59265.808	0.000	65694.020	0.792	1.000
1.005	6514.472	6514.472	6514.472	6514.472	5175.569	2854.869	535.164	85.547	192.977	0.000	60064.649	0.000	66579.122	0.794	1.000
1.002	6559.016	6559.016	6559.016	6559.016	5281.960	2817.711	543.173	89.863	190.710	0.000	59601.278	0.000	66160.294	0.805	1.000
1.008	6488.137	6488.137	6488.137	6488.137	5049.968	2796.936	509.165	87.342	197.513	0.993	59592.203	0.000	66080.340	0.778	1.000
1.016	6280.156	6280.156	6280.156	6280.156	5182.261	2744.245	509.069	68.926	179.208	0.000	59411.383	0.000	65691.539	0.825	1.000
1.017	6354.365	6354.365	6354.365	6354.365	5147.193	2821.322	498.401	74.711	217.252	2.949	59632.141	0.000	65986.506	0.810	1.000
1.008	6421.545	6421.545	6421.545	6421.545	5309.456	2783.695	524.795	76.388	187.498	0.000	60008.162	0.000	66429.707	0.827	1.000
1.011	6519.453	6519.453	6519.453	6519.453	5237.716	2862.151	541.969	103.844	184.942	0.000	59962.748	0.000	66482.201	0.803	1.000
1.004	6484.668	6484.668	6484.668	6484.668	5116.645	2793.794	547.607	94.587	183.200	0.000	59557.784	0.000	66042.452	0.789	1.000
1.015	6355.025	6355.025	6355.025	6355.025	5159.515	2711.333	550.940	100.529	203.030	0.986	59870.088	0.000	66225.112	0.812	1.000
1.010	6440.283	6440.283	6440.283	6440.283	5045.862	2714.565	516.966	91.113	205.004	0.000	59588.712	0.000	66028.995	0.783	1.000
1.023	6408.532	6408.532	6408.532	6408.532	5183.113	2772.340	556.032	90.880	171.011	0.000	59680.066	0.000	66088.598	0.809	1.000
1.008	6439.072	6439.072	6439.072	6439.072	5064.372	2811.887	542.540	77.364	190.435	0.000	59859.965	0.000	66299.037	0.787	1.000
1.005	6474.444	6474.444	6474.444	6474.444	5044.970	2812.163	555.464	85.609	180.177	0.000	60085.710	0.000	66560.154	0.779	1.000
1.014	6358.279	6358.279	6358.279	6358.279	5081.694	2728.638	476.132	98.578	168.568	0.000	59782.611	0.000	66140.890	0.799	1.000
1.008	6427.293	6427.293	6427.293	6427.293	5047.820	2783.739	522.633	85.287	159.666	0.000	59431.386	0.000	65858.679	0.785	1.000
1.019	6464.608	6464.608	6464.608	6464.608	5324.718	2779.095	540.516	95.154	168.727	0.000	59651.952	0.000	66116.560	0.824	1.000
1.017	6266.674	6266.674	6266.674	6266.674	5082.762	2729.686	511.324	89.482	187.813	0.000	59764.977	0.000	66031.652	0.811	1.000
1.018	6369.409	6369.409	6369.409	6369.409	5147.205	2734.238	523.661	90.388	168.004	0.000	59800.523	0.000	66169.932	0.808	1.000
1.006	6410.674	6410.674	6410.674	6410.674	4996.569	2759.641	489.918	88.444	205.706	0.000	59392.393	0.000	65803.067	0.779	1.000
1.009	6371.888	6371.888	6371.888	6371.888	5182.112	2700.523	540.897	88.168	202.093	0.000	59503.643	0.000	65875.530	0.813	1.000
1.022	6374.691	6374.691	6374.691	6374.691	5099.557	2726.418	513.772	68.503	188.872	0.000	59681.745	0.000	66056.436	0.800	1.000
1.013	6579.529	6579.529	6579.529	6579.529	5064.213	2819.375	575.524	95.756	176.705	0.000	59643.207	0.000	66222.736	0.770	1.000
1.009	6457.091	6457.091	6457.091	6457.091	5167.655	2826.650	504.476	88.209	213.089	0.000	59661.934	0.000	66119.025	0.800	1.000
1.015	6467.926	6467.926	6467.926	6467.926	5207.454	2774.221	550.902	89.682	210.900	0.000	59701.431	0.000	66169.357	0.805	1.000
1.013	6388.836	6388.836	6388.836	6388.836	5214.490	2740.469	502.304	92.763	168.751	0.000	59629.136	0.000	66017.972	0.816	1.000
1.017	6459.058	6459.058	6459.058	6459.058	5109.404	2749.477	536.123	87.550	167.231	0.000	60033.039	0.000	66492.097	0.791	1.000
1.005	6402.146	6402.146	6402.146	6402.146	5122.911	2709.787	519.658	102.538	189.148	0.000	59819.398	0.000	66221.544	0.800	1.000
1.009	6446.982	6446.982	6446.982	6446.982	5206.149	2758.179	528.246	72.349	195.243	0.000	59486.668	0.000	65933.650	0.808	1.000
1.007	6583.195	6583.195	6582.202	6582.202	5168.042	2867.052	545.207	84.413	180.742	0.993	60121.683	0.000	66704.878	0.785	1.000
1.016	6415.528	6415.528	6415.528	6415.528	5108.005	2782.425	534.627	83.689	175.255	0.000	59511.013	0.000	65926.541	0.796	1.000
1.002	6467.640	6467.640	6467.640	6467.640	5013.643	2831.152	516.932	76.841	188.610	0.000	59976.109	0.000	66443.749	0.775	1.000
1.010	6566.838	6566.838	6566.838	6566.838	5203.162	2800.636	517.939	91.110	187.171	0.000	59527.379	0.000	66094.217	0.792	1.000
1.003	6542.275	6542.275	6542.275	6542.275	5122.339	2838.875	568.373	88.746	157.549	0.000	59868.645	0.000	66410.920	0.783	1.000
1.005	6448.307	6448.307	6448.307	6448.307	5183.328	2721.048	553.366	76.635	185.119	0.000	59677.942	0.000	66126.249	0.804	1.000
1.019	6414.935	6414.935	6414.935	6414.935	5176.311	2758.932	508.405	82.444	180.592	0.000	59623.759	0.000	66038.694	0.807	1.000
1.014	6513.901	6513.901	6513.901	6513.901	5215.655	2841.946	511.609	85.761	189.266	0.000	60015.032	0.000	66528.933	0.801	1.000
1.007	6462.735	6462.735	6462.735	6462.735	5134.041	2743.783	573.980	93.346	202.581	0.000	60111.977	0.000	66574.712	0.794	1.000
1.014	6560.015	6560.015	6560.015	6560.015	5115.707	2814.674	504.768	78.870	224.780	0.000	59782.495	0.000	66342.510	0.780	1.000
1.020	6407.503	6407.503	6407.503	6407.503	5208.730	2755.314	528.322	111.742	166.632	0.000	59687.698	0.000	66095.201	0.813	1.000
1.002	6447.241	6447.241	6447.241	6447.241	5275.106	2770.229	521.725	75.815	191.532	0.000	59816.789	0.000	66264.030	0.818	1.000
1.005	6435.677	6434.682	6434.682	6434.682	5055.040	2779.178	520.226	94.496	187.997	0.000	59724.477	0.000	66159.159	0.785	1.000
1.008	6544.959	6544.959	6544.959	6544.959	5138.571	2789.963	564.340	97.197	202.329	0.000	59900.404	0.000	66445.363	0.785	1.000
1.005	6468.813	6468.813	6468.813	6468.813	5144.199	2761.686	559.304	88.573	199.040	0.000	59471.282	0.000	65940.095	0.795	1.000
1.010	6365.022	6365.022	6365.022	6365.022	5193.169	2645.577	532.480	89.077	178.153	0.000	59342.872	0.000	65707.894	0.816	1.000
1.010	6470.806	6470.806	6470.806	6470.806	5249.731	2732.316	504.077	89.130	183.211	0.000	59185.987	0.000	65656.792	0.811	1.000
1.007	6402.097	6402.097	6402.097	6402.097	5017.242	2729.999	502.320	84.382	184.647	0.000	59733.378	0.000	66135.475	0.784	1.000
1.005	6414.085	6414.085	6414.085	6414.085	5189.795	2768.090	538.489	82.615	201.062	0.000	59816.023	0.000	66230.108	0.809	1.000
1.009	6478.414	6478.414	6478.414	6478.414	5125.854	2776.463	547.960	92.152	183.314	0.000	59856.460	0.000	66334.874	0.791	1.000
1.008	6472.767	6472.767	6472.767	6472.767	5102.612	2811.744	522.861	98.223	203.390	2.976	59523.857	0.000	65996.624	0.788	1.000
1.008	6404.679	6404.679	6404.679	6404.679	5038.836	2791.198	489.997	87.287	178.541	0.992	59928.430	0.000	66333.108	0.787	1.000
1.022	6479.752	6479.752	6479.752	6479.752	5119.044	2753.699	537.045	68.476	173.146	0.000	60113.791	0.000	66593.543	0.790	1.000
1.018	6509.920	6509.920	6509.920	6509.920	5081.823	2765.832	518.593	81.521	177.775	0.000	59870.047	0.000	66379.967	0.781	1.000
1.006	6465.859	6465.859	6465.859	6465.859	5163.148	2798.196	491.870	109.305	184.824	0.000	60236.727	0.000	66702.586	0.799	1.000
1.004	6531.013	6531.013	6531.013	6531.013	5029.677	2801.566	563.499	74.669	181.196	0.996	59280.891	0.000	65811.904	0.770	1.000
1.026	6538.493	6538.493	6538.493	6538.493	5029.835	2762.949	549.666	83.814	197.841	0.000	59489.661	0.000	66028.154	0.769	1.000
1.007	6516.128	6516.128	6516.128	6516.128	5132.655	2763.966	572.061	88.391	186.714	0.000	59467.489	0.000	65983.617	0.788	1.000
1.014	6440.326	6440.326	6440.326	6440.326	5126.618	2763.521	526.667	71.011	193.308	0.000	59058.675	0.000	65499.001	0.796	1.000
1.017	6440.943	6440.943	6440.943	6440.943	5172.808	2742.709	536.745	87.491	172.034	0.000	59877.566	0.000	66318.509	0.803	1.000
1.019	6580.344	6580.344	6580.344	6580.344	5170.480	2784.407	528.821	83.395	163.846	0.000	59648.898	0.000	66229.242	0.786	1.000
1.002	6497.353	6497.353	6497.353	6497.353	5095.650	2849.331	500.180	99.836	176.710	0.000	59779.043	0.000	66276.396	0.784	1.000
1.025	6612.447	6612.447	6612.447	6612.447	5034.943	2845.752	528.762	92.680	189.262	0.976	59784.212	0.000	66396.659	0.761	1.000
1.006	6562.652	6562.652	6562.652	6562.652	5167.592	2856.742	534.956	92.474	190.914	0.000	60130.800	0.000	66693.452	0.787	1.000
1.007	6363.863	6363.863	6363.863	6363.863	5096.055	2758.998	486.473	76.446	178.704	0.000	60001.997	0.000	66365.860	0.801	1.000
1.021	6417.762	6417.762	6417.762	6417.762	5123.432	2727.794	554.573	87.203	164.608	0.000	59878.214	0.000	66295.976	0.798	1.000
1.004	6434.389	6434.389	6434.389	6434.389	5069.036	2749.628	515.866	86.642	194.197	0.000	59444.152	0.000	65878.541	0.788	1.000
1.001	6438.879	6438.879	6438.879	6438.879	5198.865	2780.788	509.595	99.921	197.843	0.000	59512.668	0.000	65951.547	0.807	1.000
1.008	6501.377	6501.377	6501.377	6501.377	5107.233	2830.957	515.982	83.351	186.547	0.000	59822.197	0.000	66323.575	0.786	1.000
1.018	6399.422	6399.422	6399.422	6399.422	5209.540	2643.090	520.758	85.483	174.896	0.000	59679.795	0.000	66079.217	0.814	1.000
1.013	6375.247	6375.247	6375.247	6375.247	5220.776	2797.373	513.098	94.726	180.571	0.987	59507.571	0.000	65882.819	0.819	1.000
1.009	6569.136	6569.136	6569.136	6569.136	5190.698	2803.452	511.340	95.133	198.194	0.000	59577.079	0.000	66146.215	0.790	1.000
1.019	6563.115	6563.115	6563.115	6563.115	5014.868	2958.065	508.556	106.031	168.864	0.000	60068.457	0.000	66631.572	0.764	1.000
1.016	6378.869	6378.869	6378.869	6378.869	5231.244	2734.223	505.900	87.597	194.880	0.000	59523.976	0.000	65902.845	0.820	1.000
1.018	6499.966	6499.966	6499.966	6499.966	5099.399	2768.722	535.280	76.609	198.397	0.000	59533.918	0.000	66033.884	0.785	1.000
1.011	6424.206	6424.206	6424.206	6424.206	5102.971	2786.855	501.397	92.961	195.812	0.000	59294.349	0.000	65718.555	0.794	1.000
1.015	6584.755	6584.755	6584.755	6584.755	5263.666	2865.807	509.323	72.901	178.312	0.000	59924.814	0.000	66509.569	0.799	1.000
1.006	6485.187	6485.187	6485.187	6485.187	5183.379	2726.839	543.579	87.450	174.899	0.994	59328.625	0.000	65813.812	0.799	1.000
1.023	6535.984	6535.984	6535.984	6535.984	5147.845	2831.999	534.727	82.115	173.029	0.000	59469.045	0.000	66005.028	0.788	1.000
1.021	6562.300	6562.300	6562.300	6562.300	5189.684	2761.888	571.189	80.339	216.523	0.000	60126.659	0.000	66688.959	0.791	1.000
1.017	6562.540	6562.540	6562.540	6562.540	5142.443	2771.353	556.631	89.494	168.169	0.000	59514.262	0.000	66076.802	0.784	1.000
1.013	6415.700	6415.700	6415.700	6415.700	5224.171	2793.727	499.514	94.770	188.552	0.000	59603.130	0.000	66018.830	0.814	1.000
1.025	6403.666	6403.666	6403.666	6403.666	5038.422	2810.509	513.308	90.756	164.922	0.000	59644.262	0.000	66047.927	0.787	1.000
1.019	6522.271	6522.271	6522.271	6522.271	5199.950	2828.215	535.015	90.314	190.446	0.000	59437.679	0.000	65959.950	0.797	1.000
1.002	6476.572	6476.572	6476.572	6476.572	5041.989	2757.431	533.729	92.779	204.513	0.000	59554.131	0.000	66030.703	0.778	1.000
1.020	6659.595	6659.595	6659.595	6659.595	5127.594	2825.669	542.379	92.195	178.505	0.000	59718.620	0.000	66378.215	0.770	1.000
1.005	6404.255	6404.255	6404.255	6404.255	5185.865	2736.156	499.291	77.579	200.910	0.000	59406.705	0.000	65810.960	0.810	1.000
1.007	6620.508	6620.508	6620.508	6620.508	5179.843	2909.131	575.869	97.302	161.839	0.000	59626.273	0.000	66246.781	0.782	1.000
1.011	6415.022	6415.022	6415.022	6415.022	5126.678	2737.854	570.510	112.718	171.054	0.000	59637.555	0.000	66052.577	0.799	1.000
1.012	6389.170	6389.170	6389.170	6389.170	5206.942	2785.200	519.509	88.889	171.853	0.000	59770.198	0.000	66159.368	0.815	1.000
1.007	6405.977	6405.977	6405.977	6405.977	5127.761	2709.381	540.287	94.352	149.969	0.000	59122.702	0.000	65528.679	0.800	1.000
1.011	6518.553	6518.553	6518.553	6518.553	5114.588	2862.310	530.936	79.097	177.967	0.000	59956.255	0.000	66474.808	0.785	1.000
1.007	6412.344	6412.344	6412.344	6412.344	5212.698	2811.421	538.252	59.585	221.458	0.000	59624.769	0.000	66037.113	0.813	1.000
1.016	6501.746	6501.746	6501.746	6501.746	5110.272	2816.406	552.063	95.455	190.909	0.984	59827.478	0.000	66329.224	0.786	1.000
1.008	6295.997	6295.997	6295.997	6295.997	5180.037	2704.095	519.789	87.293	165.658	0.000	59720.216	0.000	66016.214	0.823	1.000
1.013	6413.386	6413.386	6413.386	6413.386	5131.696	2684.834	543.089	83.932	166.876	0.000	59203.598	0.000	65616.984	0.800	1.000
1.004	6556.743	6556.743	6556.743	6556.743	5065.260	2811.598	556.940	70.738	189.300	0.996	59114.300	0.000	65671.042	0.773	1.000
1.012	6364.864	6364.864	6364.864	6364.864	5155.895	2723.142	500.774	77.042	180.753	0.000	59527.871	0.000	65892.735	0.810	1.000
1.011	6395.735	6395.735	6395.735	6395.735	5245.373	2763.638	546.001	91.989	174.087	0.000	59681.324	0.000	66077.059	0.820	1.000
1.000	6561.965	6561.965	6561.965	6561.965	5080.973	2802.985	554.997	94.000	215.999	0.000	59453.685	0.000	66015.650	0.774	1.000
1.017	6544.568	6544.568	6544.568	6544.568	5153.048	2855.812	534.973	89.490	196.681	0.000	59510.824	0.000	66055.392	0.787	1.000
1.006	6402.669	6402.669	6402.669	6402.669	5237.463	2790.729	544.823	80.530	190.887	0.000	59904.724	0.000	66307.393	0.818	1.000
1.006	6458.393	6458.393	6458.393	6458.393	5184.403	2807.349	552.526	86.456	167.944	0.994	59833.794	0.000	66292.187	0.803	1.000
1.004	6495.816	6495.816	6495.816	6495.816	5108.409	2798.719	545.800	82.667	187.245	0.000	59927.443	0.000	66423.259	0.786	1.000
1.011	6442.589	6442.589	6442.589	6442.589	5091.149	2815.665	469.937	82.115	181.049	0.000	59485.125	0.000	65927.715	0.790	1.000
1.016	6457.327	6457.327	6457.327	6457.327	5263.312	2786.691	512.846	84.654	178.167	0.000	59580.655	0.000	66037.982	0.815	1.000
1.004	6523.415	6523.415	6523.415	6523.415	5161.755	2788.065	528.926	87.656	196.230	0.000	59414.971	0.000	65938.385	0.791	1.000
1.015	6378.126	6378.126	6378.126	6378.126	5033.133	2683.089	527.159	79.813	183.274	0.985	59297.952	0.000	65676.078	0.789	1.000
1.007	6503.264	6503.264	6503.264	6503.264	5091.541	2827.420	511.638	74.510	181.805	0.000	59544.706	0.000	66047.970	0.783	1.000
1.001	6475.565	6475.565	6475.565	6475.565	4959.773	2782.945	582.152	81.881	182.734	0.000	59556.222	0.000	66031.786	0.766	1.000
1.005	6302.334	6302.334	6302.334	6302.334	5032.713	2734.262	506.455	77.610	185.070	0.000	59234.377	0.000	65536.711	0.799	1.000
1.004	6383.466	6383.466	6383.466	6383.466	5204.735	2723.825	544.566	88.604	203.092	0.996	59394.507	0.000	65777.973	0.815	1.000
1.026	6433.917	6433.917	6433.917	6433.917	5060.581	2778.836	531.205	90.646	180.317	0.000	59581.713	0.000	66015.629	0.787	1.000
1.006	6421.326	6421.326	6421.326	6421.326	5221.552	2729.560	494.025	85.485	175.940	0.000	59691.490	0.000	66112.816	0.813	1.000
1.012	6400.075	6400.075	6400.075	6400.075	5159.597	2806.149	497.180	78.086	179.894	0.988	60082.622	0.000	66482.697	0.806	1.000
1.015	6481.440	6481.440	6481.440	6481.440	5080.873	2833.659	496.753	74.907	202.052	0.000	59491.060	0.000	65972.500	0.784	1.000
1.004	6494.116	6494.116	6494.116	6494.116	5137.523	2775.936	535.864	101.595	192.234	0.000	59536.700	0.000	66030.816	0.791	1.000
1.019	6566.722	6566.722	6566.722	6566.722	5211.372	2805.897	537.821	107.957	191.378	0.000	59742.349	0.000	66309.071	0.794	1.000
1.007	6442.805	6442.805	6442.805	6442.805	5078.014	2807.995	530.035	76.428	193.552	0.000	59717.290	0.000	66160.095	0.788	1.000
1.001	6552.068	6552.068	6552.068	6552.068	5187.095	2811.883	538.595	79.940	161.878	0.000	59496.214	0.000	66048.282	0.792	1.000
1.007	6343.291	6343.291	6343.291	6343.291	5130.224	2740.818	475.499	89.342	199.531	0.000	59091.879	0.000	65435.170	0.809	1.000
1.023	6430.236	6430.236	6430.236	6430.236	5094.921	2832.901	514.184	89.933	183.777	0.978	59602.360	0.000	66032.596	0.792	1.000
1.018	6529.747	6529.747	6529.747	6529.747	5194.921	2882.793	514.679	87.417	179.745	0.000	59484.741	0.000	66014.489	0.796	1.000
1.009	6423.151	6423.151	6423.151	6423.151	5155.372	2731.822	493.631	78.307	195.272	0.000	59433.976	0.000	65857.127	0.803	1.000
1.023	6376.190	6376.190	6376.190	6376.190	5078.079	2792.699	523.937	80.154	187.679	0.000	59550.861	0.000	65927.052	0.796	1.000
1.018	6468.992	6468.992	6468.992	6468.992	5193.665	2756.985	558.078	97.271	178.821	0.000	59487.412	0.000	65956.404	0.803	1.000
1.006	6506.089	6506.089	6506.089	6506.089	5037.549	2858.586	496.800	89.424	176.861	0.994	59369.556	0.000	65875.646	0.774	1.000
1.021	6381.157	6381.157	6381.157	6381.157	5170.549	2732.683	516.173	68.562	191.973	0.000	59535.260	0.000	65916.416	0.810	1.000
1.013	6441.070	6441.070	6441.070	6441.070	5123.242	2760.035	520.221	99.701	184.595	0.000	59302.261	0.000	65743.331	0.795	1.000
1.001	6511.126	6511.126	6511.126	6511.126	5049.995	2843.308	545.675	75.955	202.879	0.000	59639.517	0.000	66150.643	0.776	1.000
1.011	6404.711	6404.711	6404.711	6404.711	5117.238	2767.920	508.656	80.158	190.993	0.000	59782.912	0.000	66187.623	0.799	1.000
1.001	6403.019	6403.019	6403.019	6403.019	4994.115	2744.865	511.602	78.939	170.867	0.999	60061.278	0.000	66464.297	0.780	1.000
1.011	6247.383	6247.383	6247.383	6247.383	5110.505	2711.091	482.851	80.145	187.995	0.000	59554.950	0.000	65802.332	0.818	1.000
1.001	6322.788	6322.788	6322.788	6322.788	5091.193	2714.903	536.388	82.905	161.815	0.000	59538.091	0.000	65860.879	0.805	1.000
1.002	6539.005	6539.005	6539.005	6539.005	5076.464	2798.295	539.094	73.876	179.698	0.000	59479.986	0.000	66018.990	0.776	1.000
1.012	6487.849	6487.849	6487.849	6487.849	5070.701	2831.331	506.971	94.872	168.990	0.000	60026.190	0.000	66514.038	0.782	1.000
1.005	6424.032	6424.032	6424.032	6424.032	5176.850	2724.291	526.544	86.596	180.160	0.000	59382.975	0.000	65807.007	0.806	1.000
1.005	6487.619	6487.619	6487.619	6487.619	5090.240	2770.889	511.212	93.490	197.921	0.000	59743.182	0.000	66230.801	0.785	1.000
1.003	6496.887	6496.887	6496.887	6496.887	5011.713	2669.325	567.157	74.757	206.329	0.000	59448.806	0.000	65945.693	0.771	1.000
1.000	6431.732	6431.732	6431.732	6431.732	5255.147	2781.019	537.810	80.971	182.936	0.000	59265.105	0.000	65696.837	0.817	1.000
1.014	6437.121	6437.121	6437.121	6437.121	5008.731	2747.359	538.234	93.649	186.312	0.000	59527.103	0.000	65964.224	0.778	1.000
1.007	6407.263	6407.263	6407.263	6407.263	5167.500	2784.256	546.925	70.475	171.721	0.993	59488.781	0.000	65896.044	0.807	1.000
1.018	6485.734	6485.734	6485.734	6485.734	5163.839	2767.535	524.437	77.585	212.132	0.000	59829.033	0.000	66314.767	0.796	1.000
1.001	6357.867	6357.867	6357.867	6357.867	5223.140	2740.925	485.455	84.905	206.768	0.000	59674.047	0.000	66031.913	0.822	1.000
1.007	6448.316	6448.316	6448.316	6448.316	5011.825	2770.660	491.745	81.461	188.751	0.993	59727.643	0.000	66175.959	0.777	1.000
1.000	6355.732	6355.732	6355.732	6355.732	5079.187	2693.039	539.807	83.970	187.933	1.000	59700.692	0.000	66056.423	0.799	1.000
1.008	6504.300	6504.300	6504.300	6504.300	5048.424	2743.040	554.761	80.386	200.468	0.992	59806.012	0.000	66310.312	0.776	1.000
1.022	6412.205	6412.205	6412.205	6412.205	5144.631	2749.345	511.529	89.982	181.920	0.000	59474.277	0.000	65886.482	0.802	1.000
1.010	6445.051	6445.051	6445.051	6445.051	5089.136	2753.399	544.346	96.003	185.077	0.000	60035.371	0.000	66480.421	0.790	1.000
1.020	6332.610	6332.610	6332.610	6332.610	5195.937	2696.042	482.522	94.151	194.186	0.000	59101.086	0.000	65433.696	0.821	1.000
1.025	6445.014	6445.014	6445.014	6445.014	4994.569	2740.815	523.175	103.464	193.263	0.976	59977.773	0.000	66422.787	0.775	1.000
1.006	6373.113	6373.113	6373.113	6373.113	5288.074	2711.603	527.615	100.356	191.770	0.000	58884.222	0.000	65257.334	0.830	1.000
1.017	6567.907	6567.907	6567.907	6567.907	5108.591	2779.978	547.735	96.370	177.989	0.000	59474.025	0.000	66041.932	0.778	1.000
1.016	6422.219	6422.219	6422.219	6422.219	5104.715	2769.810	491.973	82.652	183.014	0.984	59154.870	0.000	65577.089	0.795	1.000
1.022	6454.262	6454.262	6454.262	6454.262	5234.428	2801.608	509.650	96.843	187.817	0.000	59449.055	0.000	65903.317	0.811	1.000
1.005	6524.876	6524.876	6524.876	6524.876	5184.475	2813.150	533.374	90.554	189.069	0.000	59923.972	0.000	66448.848	0.795	1.000
1.017	6480.915	6480.915	6480.915	6480.915	5057.748	2755.912	515.996	103.199	183.793	0.000	59724.864	0.000	66205.779	0.780	1.000
1.022	6483.373	6483.373	6483.373	6483.373	5153.626	2768.105	523.484	81.213	188.846	0.978	59311.222	0.000	65794.596	0.795	1.000
1.019	6623.356	6623.356	6623.356	6623.356	5169.927	2756.706	525.040	99.120	218.848	0.981	59601.371	0.000	66224.727	0.781	1.000
1.018	6410.490	6410.490	6410.490	6410.490	5222.708	2703.704	538.383	86.456	172.911	0.982	59771.315	0.000	66181.806	0.815	1.000
1.026	6353.463	6353.463	6353.463	6353.463	5140.077	2781.528	507.770	83.816	192.972	0.000	59285.344	0.000	65638.807	0.809	1.000
1.009	6323.138	6323.138	6323.138	6323.138	5163.202	2700.569	510.570	79.312	178.452	0.000	59224.145	0.000	65547.282	0.817	1.000
1.008	6370.376	6370.376	6370.376	6370.376	5095.706	2732.854	500.941	79.357	161.690	0.000	59653.584	0.000	66023.961	0.800	1.000
1.016	6502.690	6502.690	6502.690	6502.690	5115.515	2766.474	544.434	90.575	193.949	0.000	59099.162	0.000	65601.852	0.787	1.000
1.013	6474.739	6474.739	6474.739	6474.739	5194.987	2802.234	562.420	93.737	157.872	0.000	59126.152	0.000	65600.891	0.802	1.000
1.019	6462.407	6462.407	6462.407	6462.407	5117.339	2724.473	531.748	81.430	193.274	0.000	59378.207	0.000	65840.614	0.792	1.000
1.005	6541.482	6541.482	6541.482	6541.482	5137.816	2812.310	522.642	84.618	194.124	0.000	59462.676	0.000	66004.158	0.785	1.000
1.020	6569.871	6569.871	6569.871	6569.871	5137.033	2807.813	529.591	92.188	191.241	0.000	59301.451	0.000	65871.322	0.782	1.000
1.009	6435.657	6435.657	6435.657	6435.657	5095.019	2811.079	522.185	82.242	191.237	0.000	59902.636	0.000	66338.293	0.792	1.000
1.009	6367.751	6367.751	6367.751	6367.751	5025.607	2724.930	487.692	82.273	182.389	0.991	59408.223	0.000	65775.974	0.789	1.000
1.001	6581.428	6581.428	6581.428	6581.428	5129.877	2849.155	538.462	96.903	206.794	0.000	59701.383	0.000	66282.811	0.779	1.000
1.002	6668.859	6668.859	6668.859	6668.859	5027.585	2868.487	554.740	72.835	205.533	0.000	59487.935	0.000	66156.793	0.754	1.000
1.008	6511.766	6511.766	6511.766	6511.766	5147.708	2849.146	508.918	96.228	169.639	0.000	59583.059	0.000	66094.826	0.791	1.000
1.005	6448.836	6448.836	6448.836	6448.836	5141.761	2752.419	517.260	72.615	188.999	0.000	59395.342	0.000	65844.178	0.797	1.000
1.008	6395.387	6395.387	6395.387	6395.387	5102.818	2750.800	517.821	93.247	194.431	0.000	59541.476	0.000	65936.863	0.798	1.000
1.011	6543.017	6543.017	6543.017	6543.017	5073.854	2826.607	512.131	69.207	171.040	0.989	59902.520	0.000	66445.537	0.775	1.000
1.014	6486.090	6486.090	6486.090	6486.090	5173.100	2814.253	508.636	89.701	203.060	0.000	59720.330	0.000	66206.420	0.798	1.000
1.004	6408.517	6408.517	6408.517	6408.517	5139.967	2773.270	523.165	73.741	178.374	0.000	59007.981	0.000	65416.497	0.802	1.000
1.021	6535.110	6535.110	6535.110	6535.110	5218.487	2792.924	569.165	72.493	182.211	0.000	59558.548	0.000	66093.657	0.799	1.000
1.020	6299.085	6299.085	6299.085	6299.085	5107.340	2663.036	546.339	84.354	189.306	0.000	59135.092	0.000	65434.178	0.811	1.000
1.010	6519.054	6519.054	6519.054	6519.054	5140.157	2823.173	512.134	95.096	201.089	0.000	59877.030	0.000	66396.084	0.788	1.000
1.008	6562.308	6562.308	6562.308	6562.308	5199.871	2812.135	520.582	90.234	216.165	0.000	59695.390	0.000	66257.698	0.792	1.000
1.019	6454.672	6454.672	6454.672	6454.672	5039.277	2833.735	529.055	98.155	174.716	0.000	59447.573	0.000	65902.245	0.781	1.000
1.023	6411.383	6411.383	6411.383	6411.383	5057.141	2738.796	527.030	83.112	171.114	0.000	59966.036	0.000	66377.418	0.789	1.000
1.017	6501.947	6501.947	6501.947	6501.947	5047.344	2754.796	526.175	77.697	195.717	0.000	59456.771	0.000	65958.718	0.776	1.000
1.006	6419.132	6419.132	6419.132	6419.132	5090.967	2719.954	544.786	79.531	197.833	0.994	59635.199	0.000	66054.331	0.793	1.000
1.012	6431.749	6431.749	6431.749	6431.749	5281.387	2778.065	514.896	80.051	186.786	0.000	59846.494	0.000	66278.243	0.821	1.000
1.009	6270.344	6270.344	6270.344	6270.344	5092.610	2674.686	521.455	88.231	169.522	0.000	59631.217	0.000	65901.560	0.812	1.000
1.011	6379.059	6379.059	6379.059	6379.059	5108.586	2735.719	500.280	73.163	186.863	0.000	59431.437	0.000	65810.496	0.801	1.000
1.008	6433.361	6433.361	6433.361	6433.361	5213.960	2752.336	537.767	98.227	183.555	0.000	59981.869	0.000	66415.230	0.810	1.000
1.004	6518.146	6518.146	6518.146	6518.146	5130.077	2819.949	541.685	93.600	188.196	0.000	59963.755	0.000	66481.901	0.787	1.000
1.018	6387.814	6386.832	6386.832	6386.832	5017.734	2754.892	487.140	91.339	187.588	0.982	59700.132	0.000	66086.964	0.786	1.000
1.006	6317.595	6317.595	6317.595	6317.595	5109.937	2738.353	526.798	75.541	181.894	0.994	59770.652	0.000	66088.248	0.809	1.000
1.025	6496.049	6496.049	6496.049	6496.049	5000.563	2779.283	533.615	84.871	199.984	0.976	59550.209	0.000	66046.258	0.770	1.000
1.027	6420.473	6420.473	6420.473	6420.473	5105.225	2710.325	526.683	89.565	175.237	0.000	59142.338	0.000	65562.810	0.795	1.000
1.001	6401.842	6401.842	6401.842	6401.842	5157.428	2769.471	560.286	99.873	181.768	0.000	59229.524	0.000	65631.366	0.806	1.000
1.026	6442.583	6442.583	6442.583	6442.583	5144.712	2814.002	508.625	92.566	183.183	0.000	60025.540	0.000	66468.123	0.799	1.000
1.013	6474.930	6474.930	6474.930	6474.930	5137.877	2791.616	549.041	91.836	172.810	0.000	59496.871	0.000	65971.801	0.794	1.000
1.024	6486.211	6486.211	6486.211	6486.211	5205.961	2805.613	525.381	94.725	180.661	0.000	59158.112	0.000	65644.323	0.803	1.000
1.003	6450.007	6450.007	6450.007	6450.007	5199.688	2733.949	512.491	93.724	202.404	0.000	59760.024	0.000	66210.030	0.806	1.000
1.013	6475.172	6475.172	6475.172	6475.172	5109.639	2780.434	498.622	94.788	201.423	0.987	59789.195	0.000	66264.366	0.789	1.000
1.024	6296.850	6296.850	6296.850	6296.850	5210.446	2647.195	513.431	85.897	184.484	0.000	59395.956	0.000	65692.805	0.827	1.000
1.019	6475.121	6475.121	6475.121	6475.121	5150.865	2780.938	518.912	82.398	174.606	0.000	59713.154	0.000	66188.276	0.795	1.000
1.003	6431.543	6431.543	6431.543	6431.543	4975.495	2806.382	521.584	69.811	191.480	0.000	59742.837	0.000	66174.380	0.774	1.000
1.009	6495.717	6495.717	6495.717	6495.717	5121.413	2737.700	527.511	86.266	206.245	0.000	59883.350	0.000	66379.067	0.788	1.000
1.013	6640.628	6640.628	6640.628	6640.628	5106.278	2873.330	543.683	85.845	198.331	0.000	59429.180	0.000	66069.808	0.769	1.000
1.016	6369.061	6369.061	6369.061	6369.061	5235.667	2741.414	520.908	87.639	183.155	0.000	59681.880	0.000	66050.941	0.822	1.000
1.003	6422.839	6422.839	6422.839	6422.839	5106.765	2721.880	539.391	93.720	198.408	0.000	59637.086	0.000	66059.925	0.795	1.000
0.022	6120.247	6120.247	6120.247	6120.247	6482.928	2266.758	952.038	136.005	226.676	0.000	55762.246	0.000	61882.493	1.059	1.000
0.022	6467.588	6467.588	6467.588	6467.588	6831.959	2140.681	592.103	273.278	91.093	0.000	61259.900	0.000	67727.488	1.056	1.000
