Duration	Ch2	Ch4	Ch6	Ch8	Ch7	Ch2+Ch3	Ch3+Ch4	Ch3+Ch7	Ch3+Ch6	Ch2+Ch8	Ch3
1.011	6373.364	6373.364	6373.364	6373.364	5019.791	2771.415	519.084	97.884	173.028	0.000	59447.492	0.000	65820.856	0.788	1.000
1.020	3369.581	3369.581	3369.581	3369.581	1631.360	646.073	125.489	17.647	47.058	0.000	14326.356	0.000	17695.937	0.484	1.000
1.006	3394.031	3394.031	3394.031	3394.031	1565.864	686.556	108.299	20.865	43.717	0.000	14354.088	0.000	17748.118	0.461	1.000
1.025	3463.741	3463.741	3463.741	3463.741	1562.539	665.616	131.757	21.471	40.991	0.000	14234.619	0.000	17698.360	0.451	1.000
1.016	3439.173	3439.173	3439.173	3439.173	1479.415	640.785	125.007	17.718	26.576	0.000	14459.487	0.000	17898.659	0.430	1.000
1.025	3356.574	3356.574	3356.574	3356.574	1545.059	597.332	132.740	24.401	43.921	0.000	14465.770	0.000	17822.344	0.460	1.000
1.009	3377.985	3377.985	3377.985	3377.985	1510.030	649.422	134.842	24.787	34.702	0.000	14366.601	0.000	17744.586	0.447	1.000
1.016	3418.084	3418.084	3418.084	3418.084	1539.713	701.928	131.919	24.612	46.270	0.000	14483.539	0.000	17901.622	0.450	1.000
1.001	3286.899	3286.899	3286.899	3286.899	1618.980	579.277	109.863	26.966	43.945	0.000	14275.190	0.000	17562.089	0.493	1.000
1.011	3279.261	3279.261	3279.261	3279.261	1546.672	664.555	93.947	18.789	48.457	0.000	14477.797	0.000	17757.057	0.472	1.000
1.024	3388.898	3388.898	3388.898	3388.898	1515.290	657.081	121.067	23.432	40.030	0.000	14429.423	0.000	17818.321	0.447	1.000
1.019	3287.181	3287.181	3287.181	3287.181	1527.347	636.640	121.638	20.600	51.991	0.000	14347.450	0.000	17634.630	0.465	1.000
1.003	3482.812	3482.812	3482.812	3482.812	1478.251	671.842	128.587	15.949	54.824	0.000	14471.514	0.000	17954.326	0.424	1.000
1.011	3387.914	3387.914	3387.914	3387.914	1512.991	668.485	129.544	18.789	41.533	0.000	14460.439	0.000	17848.352	0.447	1.000
1.022	3382.053	3382.053	3382.053	3382.053	1567.794	657.241	130.079	18.583	41.078	0.000	14464.193	0.000	17846.246	0.464	1.000
1.013	3273.766	3273.766	3273.766	3273.766	1534.207	633.823	112.548	23.694	26.656	0.000	14412.073	0.000	17685.839	0.469	1.000
1.011	3349.521	3349.521	3349.521	3349.521	1630.271	664.368	115.671	23.727	50.421	0.000	14610.158	0.000	17959.679	0.487	1.000
1.012	3347.253	3347.253	3347.253	3347.253	1520.940	633.478	116.615	18.777	47.437	0.000	14269.557	0.000	17616.810	0.454	1.000
1.024	3409.525	3409.525	3409.525	3409.525	1541.265	677.415	127.869	16.594	48.805	0.000	14349.678	0.000	17759.202	0.452	1.000
1.010	3360.920	3360.920	3360.920	3360.920	1542.279	638.902	104.007	15.849	36.650	0.000	14353.001	0.000	17713.921	0.459	1.000
1.019	3318.056	3318.056	3318.056	3318.056	1543.715	598.644	124.636	19.628	44.162	0.000	14267.346	0.000	17585.402	0.465	1.000
1.020	3413.051	3413.051	3413.051	3413.051	1556.108	596.770	89.172	21.558	48.016	0.000	14330.308	0.000	17743.360	0.456	1.000
1.019	3315.633	3315.633	3315.633	3315.633	1489.533	592.673	129.525	21.587	39.250	0.000	14402.741	0.000	17718.374	0.449	1.000
1.020	3365.662	3365.662	3365.662	3365.662	1590.702	661.567	124.473	15.682	46.065	0.980	14391.782	0.000	17757.443	0.473	1.000
1.003	3398.465	3398.465	3398.465	3398.465	1580.102	650.982	110.657	21.932	38.879	0.000	14361.482	0.000	17759.947	0.465	1.000
1.022	3348.117	3348.117	3348.117	3348.117	1580.648	619.152	120.309	17.606	40.103	0.000	14530.027	0.000	17878.144	0.472	1.000
1.026	3248.721	3248.721	3248.721	3248.721	1551.279	631.425	95.493	17.540	36.054	0.000	14194.396	0.000	17443.117	0.478	1.000
1.010	3384.954	3384.954	3384.954	3384.954	1565.257	632.637	132.666	16.831	47.522	0.000	14393.234	0.000	17778.188	0.462	1.000
1.002	3310.174	3310.174	3310.174	3310.174	1588.724	661.636	116.759	15.967	53.889	0.000	14232.652	0.000	17542.827	0.480	1.000
1.011	3373.249	3373.249	3373.249	3373.249	1588.749	631.743	118.637	22.739	41.523	0.000	14079.262	0.000	17452.511	0.471	1.000
1.005	3409.436	3409.436	3409.436	3409.436	1558.514	648.469	140.236	21.881	40.778	0.000	14482.148	0.000	17891.585	0.457	1.000
1.006	3402.236	3402.236	3402.236	3402.236	1530.559	617.594	126.303	17.901	51.715	0.000	14503.012	0.000	17905.248	0.450	1.000
1.025	3380.974	3379.999	3379.999	3379.999	1617.327	664.294	109.252	15.607	35.117	0.000	14412.548	0.000	17792.546	0.478	1.000
1.011	3442.895	3442.895	3442.895	3442.895	1592.907	670.386	120.630	15.820	37.573	0.000	14374.729	0.000	17817.624	0.463	1.000
1.006	3371.904	3371.904	3371.904	3371.904	1564.142	622.475	127.279	22.870	45.741	0.000	14394.482	0.000	17766.386	0.464	1.000
1.011	3311.695	3311.695	3311.695	3311.695	1549.481	635.228	102.903	24.736	37.599	0.000	14300.545	0.000	17612.239	0.468	1.000
1.001	3321.176	3321.176	3321.176	3321.176	1615.113	589.676	107.941	21.988	42.976	0.000	14285.156	0.000	17606.332	0.486	1.000
1.009	3374.969	3374.969	3374.969	3374.969	1549.751	650.023	115.934	24.772	50.535	0.991	14344.112	0.000	17719.080	0.459	1.000
1.009	3371.389	3371.389	3371.389	3371.389	1591.026	652.271	119.946	17.843	56.504	0.991	14376.728	0.000	17748.117	0.472	1.000
1.004	3349.502	3349.502	3349.502	3349.502	1581.626	617.512	127.486	21.912	45.815	0.000	14544.388	0.000	17893.890	0.472	1.000
1.017	3331.756	3331.756	3331.756	3331.756	1516.489	635.884	142.509	17.691	37.347	0.000	14296.081	0.000	17627.837	0.455	1.000
1.003	3285.425	3285.425	3285.425	3285.425	1566.956	619.008	118.618	20.933	44.856	0.000	14094.632	0.000	17380.056	0.477	1.000
1.011	3407.675	3407.675	3407.675	3407.675	1535.728	663.537	141.410	23.733	55.377	0.000	14353.569	0.000	17761.244	0.451	1.000
1.005	3462.268	3462.268	3462.268	3462.268	1505.161	669.956	150.317	19.910	47.783	0.000	14292.057	0.000	17754.325	0.435	1.000
1.007	3352.391	3352.391	3352.391	3352.391	1540.610	654.585	133.102	20.859	43.705	0.000	14442.598	0.000	17794.989	0.460	1.000
1.015	3328.003	3328.003	3328.003	3328.003	1586.686	634.281	127.053	31.517	39.396	0.000	14401.320	0.000	17729.323	0.477	1.000
1.011	3274.345	3274.345	3274.345	3274.345	1579.320	631.926	129.550	21.756	39.557	0.000	14425.512	0.000	17699.857	0.482	1.000
1.012	3225.041	3225.041	3225.041	3225.041	1618.945	627.613	135.406	24.709	44.477	0.000	14513.178	0.000	17738.219	0.502	1.000
1.006	3283.774	3283.774	3283.774	3283.774	1573.309	643.039	125.229	19.878	37.767	0.000	14482.794	0.000	17766.568	0.479	1.000
1.012	3408.078	3408.078	3408.078	3408.078	1599.266	653.347	118.611	18.780	49.421	0.988	14409.213	0.000	17817.291	0.469	1.000
1.010	3367.423	3367.423	3367.423	3367.423	1524.254	653.676	116.869	24.760	49.521	0.000	14456.148	0.000	17823.571	0.453	1.000
1.014	3386.501	3386.501	3386.501	3386.501	1464.460	658.760	132.147	19.723	34.516	0.000	14253.087	0.000	17639.589	0.432	1.000
1.004	3322.713	3322.713	3322.713	3322.713	1561.287	621.328	105.546	28.876	59.743	0.000	14223.841	0.000	17546.554	0.470	1.000
1.016	3379.500	3379.500	3379.500	3379.500	1574.607	650.510	127.937	15.746	51.175	0.000	14512.956	0.000	17892.456	0.466	1.000
1.028	3324.836	3324.836	3324.836	3324.836	1572.413	657.767	116.763	15.568	56.436	0.000	14469.898	0.000	17794.735	0.473	1.000
1.007	3325.771	3325.771	3325.771	3325.771	1600.304	634.757	126.157	13.907	46.688	0.993	14230.882	0.000	17556.652	0.481	1.000
1.013	3353.305	3353.305	3353.305	3353.305	1607.573	626.648	124.343	17.763	50.329	0.000	14338.881	0.000	17692.185	0.479	1.000
1.001	3463.324	3463.324	3463.324	3463.324	1605.296	698.259	107.885	19.979	44.952	0.000	14378.739	0.000	17842.063	0.464	1.000
1.013	3403.122	3403.122	3403.122	3403.122	1451.854	685.954	116.464	16.779	43.427	0.000	14437.607	0.000	17840.729	0.427	1.000
1.008	3340.885	3340.885	3340.885	3340.885	1566.226	620.337	118.112	22.828	41.687	0.000	14460.294	0.000	17801.178	0.469	1.000
1.005	3406.723	3406.723	3406.723	3406.723	1578.992	718.357	113.425	12.934	37.808	0.000	14541.257	0.000	17947.980	0.463	1.000
1.006	3193.831	3193.831	3193.831	3193.831	1528.306	573.736	130.259	12.926	46.734	0.000	14343.402	0.000	17537.232	0.479	1.000
1.001	3378.172	3378.172	3378.172	3378.172	1624.121	700.621	123.933	19.989	44.976	0.000	14479.163	0.000	17857.335	0.481	1.000
1.016	3324.911	3324.911	3324.911	3324.911	1631.460	591.380	114.143	25.584	42.312	0.000	14277.734	0.000	17602.645	0.491	1.000
1.025	3366.511	3366.511	3366.511	3366.511	1514.003	635.062	126.817	26.339	41.947	0.000	14600.569	0.000	17967.080	0.450	1.000
1.012	3303.560	3303.560	3303.560	3303.560	1567.289	658.143	116.608	23.717	40.516	0.000	14739.035	0.000	18042.594	0.474	1.000
1.026	3314.845	3314.845	3314.845	3314.845	1581.376	673.693	133.569	22.424	24.374	0.000	14332.804	0.000	17647.649	0.477	1.000
1.019	3304.341	3304.341	3304.341	3304.341	1642.354	649.873	111.912	19.634	48.102	0.000	14342.372	0.000	17646.714	0.497	1.000
1.004	3433.504	3433.504	3433.504	3433.504	1580.328	651.251	127.462	28.878	47.798	0.000	14513.725	0.000	17947.229	0.460	1.000
1.009	3343.260	3343.260	3343.260	3343.260	1568.578	632.187	105.034	22.790	54.499	0.000	14197.460	0.000	17540.720	0.469	1.000
1.010	3415.171	3415.171	3415.171	3415.171	1555.679	659.085	110.837	17.813	52.450	0.000	14257.423	0.000	17672.593	0.456	1.000
1.005	3259.901	3259.901	3259.901	3259.901	1542.854	610.174	116.461	16.922	43.797	0.000	14484.911	0.000	17744.812	0.473	1.000
1.008	3328.163	3328.163	3328.163	3328.163	1669.043	623.162	122.052	23.815	46.638	0.000	14213.656	0.000	17541.819	0.501	1.000
1.013	3317.418	3317.418	3317.418	3317.418	1598.482	659.534	117.492	25.670	35.544	0.000	14507.781	0.000	17825.200	0.482	1.000
1.023	3343.911	3343.911	3343.911	3343.911	1560.036	646.105	116.318	15.639	44.963	0.000	14563.266	0.000	17907.178	0.467	1.000
1.004	3432.697	3432.697	3432.697	3432.697	1588.307	658.639	116.582	21.921	50.818	0.000	14537.894	0.000	17970.590	0.463	1.000
1.022	3300.949	3300.949	3300.949	3300.949	1581.480	646.880	110.586	21.530	35.231	0.000	14416.328	0.000	17717.276	0.479	1.000
1.011	3357.215	3357.215	3357.215	3357.215	1559.908	622.183	106.829	18.794	38.577	0.000	14290.419	0.000	17647.633	0.465	1.000
1.003	3361.962	3361.962	3361.962	3361.962	1581.807	630.928	130.571	15.948	29.902	0.000	14421.650	0.000	17783.612	0.471	1.000
1.006	3282.457	3282.457	3282.457	3282.457	1557.726	607.384	124.260	23.858	42.746	0.000	14198.467	0.000	17480.925	0.475	1.000
1.013	3288.726	3288.726	3288.726	3288.726	1566.906	642.353	110.512	22.694	44.402	0.000	14483.026	0.000	17771.753	0.476	1.000
1.016	3434.030	3434.030	3434.030	3434.030	1555.645	684.838	105.284	26.567	43.294	0.000	14467.204	0.000	17901.233	0.453	1.000
1.016	3292.428	3292.428	3292.428	3292.428	1521.702	626.004	118.114	11.811	42.324	0.000	14289.828	0.000	17582.256	0.462	1.000
1.010	3263.343	3263.343	3263.343	3263.343	1507.377	577.399	126.770	14.856	35.654	0.000	14180.440	0.000	17443.784	0.462	1.000
1.022	3296.813	3296.813	3296.813	3296.813	1619.058	603.600	125.220	24.457	38.153	0.000	14304.449	0.000	17601.262	0.491	1.000
1.020	3287.057	3287.057	3287.057	3287.057	1650.881	655.843	124.502	21.567	46.076	0.000	14572.653	0.000	17859.710	0.502	1.000
1.014	3417.322	3417.322	3417.322	3417.322	1627.813	587.630	113.385	17.747	42.396	0.000	14454.110	0.000	17871.432	0.476	1.000
1.021	3363.474	3363.474	3363.474	3363.474	1547.100	659.966	136.106	24.479	47.001	0.000	14413.490	0.000	17776.964	0.460	1.000
1.018	3287.813	3287.813	3287.813	3287.813	1586.915	600.375	114.965	19.652	33.409	0.000	14455.177	0.000	17742.990	0.483	1.000
1.008	3324.157	3324.157	3324.157	3324.157	1605.518	685.669	118.082	18.853	30.761	0.000	14535.002	0.000	17859.160	0.483	1.000
1.008	3427.983	3427.983	3427.983	3427.983	1604.883	670.520	124.979	13.887	45.627	0.000	14261.441	0.000	17689.424	0.468	1.000
1.009	3354.345	3354.345	3354.345	3354.345	1563.642	637.554	126.916	15.864	36.687	0.000	14435.682	0.000	17790.027	0.466	1.000
1.026	3385.536	3385.536	3385.536	3385.536	1606.547	675.159	119.833	21.434	48.713	0.000	14484.251	0.000	17869.787	0.475	1.000
1.014	3384.923	3384.923	3384.923	3384.923	1611.586	690.398	108.491	21.698	34.520	0.000	14441.156	0.000	17826.079	0.476	1.000
1.006	3323.120	3323.120	3323.120	3323.120	1564.640	642.158	118.292	15.905	33.798	0.000	14455.521	0.000	17778.640	0.471	1.000
1.005	3409.795	3409.795	3409.795	3409.795	1544.753	660.474	146.219	12.931	36.804	0.000	14376.246	0.000	17786.042	0.453	1.000
1.007	3285.838	3285.838	3285.838	3285.838	1606.189	664.116	119.124	30.774	38.715	0.000	14485.481	0.000	17771.319	0.489	1.000
1.014	3272.804	3273.790	3273.790	3273.790	1536.838	670.333	118.294	12.815	36.474	0.000	14265.284	0.000	17539.073	0.470	1.000
1.003	3369.824	3369.824	3369.824	3369.824	1553.309	616.139	107.675	20.937	33.898	0.997	14424.440	0.000	17794.264	0.461	1.000
1.002	3327.321	3327.321	3327.321	3327.321	1534.919	640.714	108.782	15.968	42.914	0.000	14324.247	0.000	17651.568	0.461	1.000
1.018	3307.336	3307.336	3307.336	3307.336	1568.701	630.624	106.086	16.699	39.291	0.000	14444.425	0.000	17751.762	0.474	1.000
1.015	3233.630	3233.630	3233.630	3233.630	1549.304	623.861	106.441	17.740	42.379	0.000	14279.812	0.000	17513.442	0.479	1.000
1.004	3341.341	3341.341	3341.341	3341.341	1615.878	691.381	118.551	23.909	39.849	0.000	14559.839	0.000	17901.180	0.484	1.000
1.007	3329.208	3329.208	3329.208	3329.208	1621.922	640.232	125.069	19.852	42.682	0.000	14432.522	0.000	17761.729	0.487	1.000
1.013	3275.111	3275.111	3275.111	3275.111	1569.921	596.372	106.636	17.773	40.482	0.000	14456.107	0.000	17731.218	0.479	1.000
1.017	3412.834	3412.834	3412.834	3412.834	1583.547	654.651	102.228	28.506	43.250	0.000	14358.085	0.000	17770.919	0.464	1.000
1.023	3317.406	3317.406	3317.406	3317.406	1684.116	627.512	118.269	17.594	36.165	0.000	14450.364	0.000	17767.771	0.508	1.000
1.004	3460.250	3460.250	3460.250	3460.250	1616.576	678.305	143.430	21.913	53.786	0.000	14538.228	0.000	17998.478	0.467	1.000
1.015	3314.108	3314.108	3314.108	3314.108	1636.365	629.523	133.983	25.614	46.303	0.000	14335.191	0.000	17649.298	0.494	1.000
1.004	3228.585	3228.585	3228.585	3228.585	1501.690	648.706	115.591	12.954	34.877	0.000	14300.438	0.000	17529.022	0.465	1.000
1.009	3383.478	3383.478	3383.478	3383.478	1561.376	655.282	101.118	19.827	49.568	0.000	14053.379	0.000	17436.857	0.461	1.000
1.018	3338.510	3338.510	3338.510	3338.510	1538.660	580.312	133.540	15.711	35.349	0.000	14380.140	0.000	17718.650	0.461	1.000
1.017	3340.838	3340.838	3340.838	3340.838	1577.017	603.671	108.150	16.714	46.209	0.000	14457.628	0.000	17798.466	0.472	1.000
1.016	3389.501	3389.501	3389.501	3389.501	1625.858	632.825	121.054	17.715	37.399	0.000	14295.151	0.000	17684.652	0.480	1.000
1.001	3349.086	3349.086	3349.086	3349.086	1593.090	652.627	125.928	18.989	35.979	0.000	14396.774	0.000	17745.860	0.476	1.000
1.009	3377.290	3377.290	3377.290	3377.290	1623.754	632.065	125.819	20.805	43.591	0.000	14379.983	0.000	17757.273	0.481	1.000
1.005	3302.636	3302.636	3303.631	3303.631	1590.637	641.627	112.409	15.916	27.854	0.000	14413.222	0.000	17715.859	0.482	1.000
1.016	3321.260	3321.260	3321.260	3321.260	1569.549	681.385	115.205	23.632	42.340	0.000	14439.061	0.000	17760.321	0.473	1.000
1.003	3264.971	3264.971	3264.971	3264.971	1532.293	619.098	106.672	16.948	42.868	0.000	14419.707	0.000	17684.678	0.469	1.000
1.024	3367.779	3367.779	3367.779	3367.779	1583.745	616.498	111.380	15.632	44.943	0.000	14174.567	0.000	17542.345	0.470	1.000
1.026	3309.274	3309.274	3309.274	3309.274	1549.333	654.249	110.179	16.576	38.026	0.000	14456.865	0.000	17766.138	0.468	1.000
1.017	3399.187	3399.187	3399.187	3399.187	1564.845	646.200	139.666	18.688	49.178	0.984	14562.603	0.000	17961.789	0.460	1.000
1.002	3307.444	3307.444	3307.444	3307.444	1564.426	616.591	120.724	19.954	39.909	0.000	14463.956	0.000	17771.400	0.473	1.000
1.008	3319.372	3320.364	3320.364	3320.364	1591.751	610.915	105.125	20.827	46.612	0.000	14399.152	0.000	17719.515	0.480	1.000
1.021	3365.921	3365.921	3365.921	3365.921	1616.347	597.559	106.777	23.511	53.878	0.000	14424.676	0.000	17790.597	0.480	1.000
1.021	3439.285	3439.285	3439.285	3439.285	1592.860	636.361	131.188	29.370	42.098	0.979	14234.901	0.000	17674.186	0.463	1.000
1.013	3427.332	3427.332	3427.332	3427.332	1628.773	654.470	125.366	21.717	48.370	0.000	14465.474	0.000	17892.806	0.475	1.000
1.005	3290.097	3290.097	3290.097	3290.097	1621.669	614.841	123.366	16.913	54.719	0.000	14275.658	0.000	17565.754	0.493	1.000
1.026	3420.599	3420.599	3420.599	3420.599	1560.136	635.756	133.587	18.527	48.754	0.000	14476.114	0.000	17896.713	0.456	1.000
1.009	3336.611	3336.611	3336.611	3336.611	1577.163	619.175	127.798	15.851	30.711	0.000	14453.033	0.000	17789.644	0.473	1.000
1.009	3430.540	3430.540	3430.540	3430.540	1626.088	633.193	109.991	14.864	45.582	0.000	14417.782	0.000	17848.322	0.474	1.000
1.019	3248.976	3248.976	3248.976	3248.976	1577.878	589.742	121.677	15.700	37.288	0.000	14316.690	0.000	17565.666	0.486	1.000
1.006	3330.723	3330.723	3330.723	3330.723	1648.460	607.484	123.286	14.914	40.764	0.000	14107.354	0.000	17438.077	0.495	1.000
1.006	3364.251	3364.251	3364.251	3364.251	1487.269	659.131	131.230	25.848	40.761	0.000	14455.143	0.000	17819.394	0.442	1.000
1.024	3332.786	3332.786	3332.786	3332.786	1578.483	620.258	131.866	17.582	39.071	0.000	14344.070	0.000	17676.856	0.474	1.000
1.006	3217.574	3217.574	3217.574	3217.574	1584.939	606.152	100.363	18.880	37.760	0.000	14502.933	0.000	17720.508	0.493	1.000
1.011	3285.627	3285.627	3285.627	3285.627	1522.149	628.047	110.774	14.836	36.595	0.000	14343.217	0.000	17628.844	0.463	1.000
1.020	3349.799	3349.799	3349.799	3349.799	1645.980	643.099	116.660	23.528	54.899	0.000	14512.855	0.000	17862.654	0.491	1.000
1.017	3354.226	3354.226	3354.226	3354.226	1597.953	615.581	129.803	19.667	42.284	0.000	14419.928	0.000	17774.155	0.476	1.000
1.000	3327.342	3327.342	3327.342	3327.342	1623.679	649.871	128.974	20.996	44.991	0.000	14331.165	0.000	17658.506	0.488	1.000
1.009	3306.578	3306.578	3306.578	3306.578	1619.103	618.311	116.924	22.790	42.608	0.000	14566.977	0.000	17873.555	0.490	1.000
1.014	3326.456	3326.456	3326.456	3326.456	1625.259	610.458	118.344	21.696	51.282	0.000	14537.588	0.000	17864.044	0.489	1.000
1.016	3319.933	3319.933	3319.933	3319.933	1554.681	637.616	122.997	28.535	40.343	0.000	14433.936	0.000	17753.869	0.468	1.000
1.021	3247.798	3247.798	3247.798	3247.798	1628.308	628.006	114.628	17.635	48.007	0.000	14446.086	0.000	17693.884	0.501	1.000
1.014	3393.760	3393.760	3393.760	3393.760	1623.403	605.571	122.298	18.739	44.382	0.000	14440.985	0.000	17834.745	0.478	1.000
1.002	3304.204	3304.204	3304.204	3304.204	1650.605	605.754	123.745	22.953	45.906	0.000	14437.305	0.000	17741.509	0.500	1.000
1.012	3323.957	3323.957	3323.957	3323.957	1610.088	595.999	111.688	17.791	42.501	0.000	14301.020	0.000	17624.977	0.484	1.000
1.010	3420.361	3420.361	3420.361	3420.361	1530.057	668.039	116.783	18.804	30.680	0.000	14499.915	0.000	17920.276	0.447	1.000
1.008	3312.119	3312.119	3312.119	3312.119	1575.736	640.607	126.932	18.841	42.641	0.000	14393.835	0.000	17705.954	0.476	1.000
1.002	3349.281	3349.281	3349.281	3349.281	1632.724	653.689	134.730	19.960	52.894	0.000	14543.822	0.000	17893.103	0.487	1.000
1.018	3425.930	3425.930	3425.930	3425.930	1607.809	676.145	114.984	20.638	39.311	0.000	14561.678	0.000	17987.609	0.469	1.000
1.012	3319.064	3319.064	3319.064	3319.064	1622.983	598.617	112.611	20.744	44.452	0.000	14514.980	0.000	17834.044	0.489	1.000
1.006	3440.715	3440.715	3440.715	3440.715	1615.476	630.284	121.285	16.900	44.736	0.000	14504.489	0.000	17945.204	0.470	1.000
1.021	3288.718	3288.718	3288.718	3288.718	1562.092	659.115	108.710	11.752	50.927	0.000	14399.647	0.000	17688.365	0.475	1.000
1.005	3461.520	3461.520	3461.520	3461.520	1611.861	636.784	125.367	12.935	39.799	0.000	14713.700	0.000	18175.221	0.466	1.000
1.003	3270.241	3270.241	3270.241	3270.241	1656.550	600.026	99.672	12.957	38.872	0.000	14343.808	0.000	17614.049	0.507	1.000
1.009	3302.034	3302.034	3302.034	3302.034	1587.116	645.943	132.755	21.796	44.582	0.000	14466.339	0.000	17768.373	0.481	1.000
1.012	3307.570	3307.570	3307.570	3307.570	1632.051	610.537	143.249	18.771	23.710	0.000	14524.462	0.000	17832.032	0.493	1.000
1.024	3325.558	3325.558	3325.558	3325.558	1592.012	590.538	131.773	22.450	35.139	0.000	14543.828	0.000	17869.386	0.479	1.000
1.009	3455.115	3455.115	3455.115	3455.115	1578.434	630.184	129.802	25.762	39.634	0.000	14349.576	0.000	17804.691	0.457	1.000
1.003	3435.067	3435.067	3435.067	3435.067	1619.844	665.881	126.597	25.918	41.867	0.000	14581.590	0.000	18016.657	0.472	1.000
1.001	3215.441	3215.441	3215.441	3215.441	1586.750	622.118	90.871	14.979	42.939	0.000	14566.347	0.000	17781.788	0.493	1.000
1.006	3251.445	3251.445	3251.445	3251.445	1602.363	592.437	125.247	24.851	38.767	0.000	14566.393	0.000	17817.837	0.493	1.000
1.015	3482.569	3482.569	3482.569	3482.569	1592.031	694.543	117.235	13.792	36.451	0.000	14337.149	0.000	17819.718	0.457	1.000
1.003	3340.849	3340.849	3340.849	3340.849	1575.740	628.901	119.601	24.917	44.850	0.000	14556.413	0.000	17897.262	0.472	1.000
1.020	3263.294	3263.294	3263.294	3263.294	1590.966	669.519	111.750	17.645	41.171	0.000	14517.686	0.000	17780.980	0.488	1.000
1.016	3304.852	3304.852	3304.852	3304.852	1571.256	613.941	126.920	15.742	40.339	0.000	14544.694	0.000	17849.546	0.475	1.000
1.008	3273.010	3273.010	3273.010	3273.010	1540.765	613.131	130.960	18.850	40.677	0.000	14319.294	0.000	17592.304	0.471	1.000
1.020	3159.603	3159.603	3159.603	3159.603	1611.162	574.295	116.623	17.640	48.021	0.000	14464.198	0.000	17623.801	0.510	1.000
1.004	3295.775	3295.775	3295.775	3295.775	1675.767	607.378	113.510	20.910	46.798	0.000	14399.847	0.000	17695.622	0.508	1.000
1.010	3338.809	3338.809	3338.809	3338.809	1625.330	608.137	135.692	21.790	37.637	0.000	14371.440	0.000	17710.250	0.487	1.000
1.011	3268.660	3268.660	3268.660	3268.660	1612.565	629.197	116.738	23.743	41.551	0.000	14199.478	0.000	17468.138	0.493	1.000
1.019	3356.491	3356.491	3356.491	3356.491	1653.226	617.139	136.379	16.679	44.151	0.000	14596.466	0.000	17952.957	0.493	1.000
1.013	3385.566	3385.566	3385.566	3385.566	1599.947	632.078	120.490	16.790	33.579	0.000	14570.377	0.000	17955.943	0.473	1.000
1.025	3258.927	3258.927	3258.927	3258.927	1600.688	635.983	118.028	16.582	41.944	0.000	14494.957	0.000	17753.884	0.491	1.000
1.022	3322.334	3322.334	3322.334	3322.334	1609.821	598.548	111.494	11.736	37.165	0.000	14517.729	0.000	17840.063	0.485	1.000
1.008	3331.273	3331.273	3331.273	3331.273	1592.700	624.180	123.050	16.870	37.709	0.000	14460.324	0.000	17791.597	0.478	1.000
1.022	3360.561	3360.561	3360.561	3360.561	1603.437	610.833	98.869	34.261	56.776	0.000	14505.329	0.000	17865.890	0.477	1.000
1.014	3379.253	3379.253	3379.253	3379.253	1538.177	622.572	113.464	13.813	30.586	0.000	14537.200	0.000	17916.453	0.455	1.000
1.009	3349.403	3349.403	3349.403	3349.403	1546.869	634.206	127.832	24.774	48.556	0.000	14671.971	0.000	18021.374	0.462	1.000
1.001	3279.290	3279.290	3279.290	3279.290	1585.689	603.501	115.904	16.986	36.969	0.000	14376.118	0.000	17655.407	0.484	1.000
1.022	3430.671	3430.671	3430.671	3430.671	1643.904	635.056	122.314	20.549	44.033	0.000	14568.122	0.000	17998.794	0.479	1.000
1.023	3225.665	3225.665	3225.665	3225.665	1686.143	601.147	118.274	28.347	41.054	0.000	14299.469	0.000	17525.134	0.523	1.000
1.017	3326.049	3326.049	3326.049	3326.049	1615.819	625.478	111.131	24.586	33.438	0.000	14146.035	0.000	17472.084	0.486	1.000
1.006	3382.246	3382.246	3382.246	3382.246	1539.012	615.406	136.205	19.884	40.762	0.000	14384.986	0.000	17767.233	0.455	1.000
1.011	3404.969	3404.969	3404.969	3404.969	1608.974	619.445	115.775	18.801	29.686	0.000	14381.814	0.000	17786.784	0.473	1.000
1.026	3298.735	3298.735	3298.735	3298.735	1632.303	644.536	100.434	14.626	39.979	0.000	14362.125	0.000	17660.860	0.495	1.000
1.007	3242.026	3242.026	3242.026	3242.026	1572.854	622.588	120.149	23.831	37.733	0.000	14355.276	0.000	17597.302	0.485	1.000
1.000	3318.145	3318.145	3318.145	3318.145	1610.585	631.837	118.969	14.996	40.989	0.000	14293.318	0.000	17611.463	0.485	1.000
1.022	3341.226	3341.226	3341.226	3341.226	1576.714	616.210	102.702	15.650	49.884	0.000	14481.904	0.000	17823.130	0.472	1.000
1.022	3384.026	3384.026	3384.026	3384.026	1558.922	650.774	125.262	13.701	41.102	0.000	14510.796	0.000	17894.821	0.461	1.000
1.020	3388.613	3388.613	3388.613	3388.613	1578.674	639.897	120.532	20.579	48.997	0.000	14421.692	0.000	17810.305	0.466	1.000
1.014	3377.970	3377.970	3377.970	3377.970	1594.796	644.033	124.270	21.698	55.231	0.000	14408.398	0.000	17786.368	0.472	1.000
1.002	3288.446	3288.446	3288.446	3288.446	1609.282	645.909	125.788	25.956	38.934	0.000	14493.521	0.000	17781.967	0.489	1.000
1.014	3313.656	3313.656	3313.656	3313.656	1659.786	638.076	122.290	13.807	31.559	0.000	14473.574	0.000	17787.230	0.501	1.000
1.000	3218.491	3218.491	3218.491	3218.491	1638.741	613.903	132.979	18.997	43.993	0.000	14387.725	0.000	17606.216	0.509	1.000
1.009	3328.302	3328.302	3328.302	3328.302	1643.337	621.455	112.992	18.832	45.593	0.000	14371.761	0.000	17700.063	0.494	1.000
1.008	3361.254	3361.254	3361.254	3361.254	1603.762	627.818	128.936	27.771	45.623	0.000	14219.623	0.000	17580.878	0.477	1.000
1.020	3398.698	3398.698	3398.698	3398.698	1565.009	637.378	115.709	15.689	49.029	0.000	14285.122	0.000	17683.821	0.460	1.000
1.023	3206.243	3206.243	3206.243	3206.243	1602.633	623.463	117.266	28.339	42.997	0.000	14416.857	0.000	17623.100	0.500	1.000
1.021	3384.343	3384.343	3384.343	3384.343	1562.456	629.486	130.205	16.643	52.865	0.000	14304.893	0.000	17689.235	0.462	1.000
1.003	3324.693	3324.693	3324.693	3324.693	1581.621	620.888	114.610	15.946	38.868	0.000	14631.242	0.000	17955.935	0.476	1.000
1.001	3278.251	3278.251	3278.251	3278.251	1500.200	626.666	129.931	23.987	35.981	0.000	14403.318	0.000	17681.569	0.458	1.000
1.013	3353.099	3353.099	3353.099	3353.099	1508.697	586.496	116.509	21.722	46.406	0.000	14379.030	0.000	17732.129	0.450	1.000
1.004	3369.890	3369.890	3369.890	3369.890	1589.289	654.647	114.588	15.943	49.821	0.000	14460.034	0.000	17829.924	0.472	1.000
1.016	3455.862	3455.862	3455.862	3455.862	1619.628	657.697	124.057	12.799	46.275	0.000	14426.009	0.000	17881.871	0.469	1.000
1.015	3326.082	3326.082	3326.082	3326.082	1634.470	618.714	127.093	19.704	36.453	0.000	14424.514	0.000	17750.596	0.491	1.000
1.016	3317.490	3317.490	3317.490	3317.490	1535.766	626.703	110.189	17.709	36.402	0.000	14332.503	0.000	17649.994	0.463	1.000
1.008	3337.003	3337.003	3337.003	3337.003	1638.237	645.968	118.080	8.930	40.683	0.000	14613.155	0.000	17950.158	0.491	1.000
1.001	3267.449	3267.449	3267.449	3267.449	1621.734	601.530	108.915	20.984	29.977	0.000	14384.771	0.000	17652.220	0.496	1.000
1.012	3326.661	3326.661	3326.661	3326.661	1590.239	657.826	104.699	13.828	44.448	0.000	14284.494	0.000	17611.155	0.478	1.000
1.009	3453.454	3453.454	3453.454	3453.454	1605.336	669.881	119.905	20.810	39.638	0.000	14438.113	0.000	17891.567	0.465	1.000
1.011	3434.696	3434.696	3434.696	3434.696	1661.981	656.488	137.427	14.830	38.559	0.000	14423.942	0.000	17858.637	0.484	1.000
1.012	3347.773	3347.773	3347.773	3347.773	1540.490	633.389	128.456	16.798	47.430	0.000	14405.899	0.000	17753.672	0.460	1.000
1.027	3467.890	3467.890	3467.890	3467.890	1637.047	654.429	121.732	27.268	40.902	0.000	14399.388	0.000	17867.278	0.472	1.000
1.008	3374.815	3374.815	3374.815	3374.815	1631.376	652.550	124.956	18.843	47.602	0.000	14477.095	0.000	17851.910	0.483	1.000
1.010	3366.276	3366.276	3366.276	3366.276	1598.981	667.315	129.701	21.782	46.534	0.990	14593.795	0.000	17960.071	0.475	1.000
1.012	3142.053	3142.053	3142.053	3142.053	1504.826	598.769	100.783	13.833	32.606	0.000	14426.766	0.000	17568.819	0.479	1.000
1.004	3294.860	3294.860	3294.860	3294.860	1657.891	632.669	100.629	19.927	36.864	0.000	14610.169	0.000	17905.029	0.503	1.000
1.019	3350.916	3350.916	3350.916	3350.916	1622.456	592.839	103.060	25.520	36.316	0.000	14509.841	0.000	17860.758	0.484	1.000
1.004	3340.472	3340.472	3340.472	3340.472	1614.462	651.362	110.552	21.911	43.823	0.000	14542.110	0.000	17882.582	0.483	1.000
1.017	3295.640	3295.640	3295.640	3295.640	1664.038	612.342	128.759	20.641	35.384	0.000	14356.133	0.000	17651.772	0.505	1.000
1.010	3245.358	3245.358	3245.358	3245.358	1702.353	579.988	139.553	18.805	30.682	0.000	14535.325	0.000	17780.683	0.525	1.000
1.005	3364.835	3364.835	3364.835	3364.835	1590.414	613.687	104.436	21.882	38.791	0.000	14317.705	0.000	17682.539	0.473	1.000
1.014	3355.402	3355.402	3355.402	3355.402	1625.427	637.152	105.534	20.712	46.356	0.000	14643.636	0.000	17999.038	0.484	1.000
1.011	3276.885	3276.885	3276.885	3276.885	1578.126	610.090	128.544	16.810	30.653	0.000	14429.568	0.000	17706.453	0.482	1.000
1.027	3317.995	3317.995	3317.995	3317.995	1599.104	583.352	123.682	21.425	42.851	0.000	14392.912	0.000	17710.907	0.482	1.000
1.007	3289.863	3289.863	3289.863	3289.863	1603.212	640.689	102.312	15.893	40.726	0.000	14325.605	0.000	17615.468	0.487	1.000
1.025	3364.371	3364.371	3364.371	3364.371	1574.854	648.871	147.338	16.588	49.763	0.000	14508.364	0.000	17872.735	0.468	1.000
1.011	3440.704	3440.704	3440.704	3440.704	1552.272	648.592	123.588	11.864	44.492	0.000	14409.430	0.000	17850.134	0.451	1.000
1.013	3297.730	3297.730	3297.730	3297.730	1605.448	593.039	134.198	28.616	41.444	0.000	14366.144	0.000	17663.874	0.487	1.000
1.017	3350.410	3350.410	3350.410	3350.410	1594.075	609.702	119.974	21.635	40.319	0.000	14166.716	0.000	17517.125	0.476	1.000
1.027	3379.829	3379.829	3379.829	3379.829	1619.826	625.930	125.575	17.522	36.018	0.000	14529.759	0.000	17909.588	0.479	1.000
1.005	3268.731	3268.731	3268.731	3268.731	1565.210	622.900	117.416	22.886	44.777	0.000	14294.854	0.000	17563.586	0.479	1.000
1.005	3306.566	3306.566	3306.566	3306.566	1659.751	607.978	130.352	17.911	52.738	0.000	14517.845	0.000	17824.411	0.502	1.000
1.004	3284.313	3284.313	3284.313	3284.313	1626.726	630.182	111.501	27.875	55.751	0.000	14479.252	0.000	17763.565	0.495	1.000
1.018	3405.080	3405.080	3405.080	3405.080	1566.435	635.812	151.337	23.585	30.464	0.000	14622.682	0.000	18027.762	0.460	1.000
1.010	3446.690	3446.690	3446.690	3446.690	1559.476	586.165	121.788	18.813	46.537	0.000	14299.655	0.000	17746.345	0.452	1.000
1.005	2778.522	2778.522	2778.522	2778.522	2729.758	232.870	53.739	3.981	23.884	0.000	5796.880	0.000	8575.402	0.982	1.000
1.015	2556.880	2556.880	2556.880	2556.880	3503.143	0.000	0.000	0.000	0.000	0.000	0.000	0.000	2556.880	1.370	1.000
1.007	2450.638	2450.638	2450.638	2450.638	3565.196	0.000	0.000	0.000	0.000	0.000	0.000	0.000	2450.638	1.455	1.000
1.010	2412.533	2412.533	2412.533	2412.533	3472.781	0.000	0.000	0.000	0.000	0.000	0.000	0.000	2412.533	1.439	1.000
1.006	2501.116	2501.116	2501.116	2501.116	3445.872	0.000	0.000	0.000	0.000	0.000	0.000	0.000	2501.116	1.378	1.000
1.009	2726.444	2726.444	2726.444	2726.444	2804.710	223.901	41.610	2.972	13.870	0.000	4839.636	0.000	7566.080	1.029	1.000
1.017	2967.111	2967.111	2967.111	2967.111	2288.970	376.417	73.711	9.828	36.364	0.000	9118.535	0.000	12085.646	0.771	1.000
1.022	2431.487	2431.487	2431.487	2431.487	3423.652	0.000	0.000	0.000	0.000	0.000	0.000	0.000	2431.487	1.408	1.000
1.022	2691.090	2691.090	2691.090	2691.090	2790.905	211.373	34.250	11.743	24.464	0.000	5036.742	0.000	7727.832	1.037	1.000
1.022	2424.204	2424.204	2424.204	2424.204	3477.823	0.000	0.000	0.000	0.000	0.000	0.000	0.000	2424.204	1.435	1.000
1.026	2433.634	2433.634	2433.634	2433.634	3542.311	0.000	0.000	0.000	0.000	0.000	0.000	0.000	2433.634	1.456	1.000
1.025	577.785	577.785	577.785	577.785	806.167	0.000	0.000	0.000	0.000	0.000	2.928	0.000	580.713	1.395	1.000
1.018	0.000	0.000	0.000	0.000	0.000	0.000	0.000	0.000	0.000	0.000	0.000	0.000	0.000	NaN	NaN
1.019	0.000	0.000	0.000	0.000	0.000	0.000	0.000	0.000	0.000	0.000	0.000	0.000	0.000	NaN	NaN
1.023	0.000	0.000	0.000	0.000	0.000	0.000	0.000	0.000	0.000	0.000	0.000	0.000	0.000	NaN	NaN
1.010	0.000	0.000	0.000	0.000	0.000	0.000	0.000	0.000	0.000	0.000	0.000	0.000	0.000	NaN	NaN
1.006	524.889	524.889	524.889	524.889	778.386	6.959	2.982	0.000	0.000	0.000	155.081	0.000	679.969	1.483	1.000
1.009	2469.771	2469.771	2469.771	2469.771	3585.184	0.000	0.000	0.000	0.000	0.000	0.000	0.000	2469.771	1.452	1.000
1.001	2383.467	2383.467	2383.467	2383.467	3557.712	0.000	0.000	0.000	0.000	0.000	0.000	0.000	2383.467	1.493	1.000
1.003	2466.371	2466.371	2466.371	2466.371	3420.035	0.000	0.000	0.000	0.000	0.000	0.000	0.000	2466.371	1.387	1.000
1.012	2673.584	2673.584	2673.584	2673.584	2708.152	213.334	41.482	9.877	15.802	0.000	5243.465	0.000	7917.049	1.013	1.000
1.024	2434.480	2434.480	2434.480	2434.480	3544.259	0.000	0.000	0.000	0.000	0.000	0.000	0.000	2434.480	1.456	1.000
1.006	2445.159	2445.159	2445.159	2445.159	3460.581	0.000	0.000	0.000	0.000	0.000	0.000	0.000	2445.159	1.415	1.000
1.020	2506.170	2506.170	2506.170	2506.170	3449.046	0.000	0.000	0.000	0.000	0.000	0.000	0.000	2506.170	1.376	1.000
1.011	2370.684	2370.684	2370.684	2370.684	3522.385	0.000	0.000	0.000	0.000	0.000	0.000	0.000	2370.684	1.486	1.000
1.005	2494.931	2494.931	2494.931	2494.931	3527.522	0.000	0.000	0.000	0.000	0.000	0.000	0.000	2494.931	1.414	1.000
1.016	2380.183	2380.183	2380.183	2380.183	3623.430	0.000	0.000	0.000	0.000	0.000	0.000	0.000	2380.183	1.522	1.000
1.005	3300.856	3300.856	3300.856	3300.856	1673.813	595.089	116.431	22.888	45.776	0.000	14410.519	0.000	17711.374	0.507	1.000
1.005	3378.785	3378.785	3378.785	3378.785	1701.339	637.131	135.390	16.924	33.848	0.996	14452.917	0.000	17831.702	0.504	1.000
1.006	3376.054	3376.054	3376.054	3376.054	1693.496	614.551	139.219	22.872	43.754	0.000	14309.694	0.000	17685.748	0.502	1.000
1.025	3259.265	3259.265	3259.265	3259.265	1672.569	607.941	117.099	20.492	41.961	0.000	14341.742	0.000	17601.007	0.513	1.000
1.022	3410.975	3410.975	3410.975	3410.975	1594.920	648.731	120.353	15.656	32.290	0.000	14331.771	0.000	17742.746	0.468	1.000
1.017	3352.310	3352.310	3352.310	3352.310	1641.245	623.457	95.387	25.568	36.385	0.000	14356.224	0.000	17708.534	0.490	1.000
1.006	3345.139	3345.139	3345.139	3345.139	1705.872	599.441	120.286	16.900	40.758	0.000	14405.473	0.000	17750.612	0.510	1.000
1.015	3308.837	3308.837	3308.837	3308.837	1686.433	596.950	115.253	19.701	46.298	0.000	14192.832	0.000	17501.669	0.510	1.000
1.013	3301.745	3301.745	3301.745	3301.745	1611.883	619.879	90.810	22.703	54.289	0.000	14381.591	0.000	17683.335	0.488	1.000
1.020	3432.999	3432.999	3432.999	3432.999	1595.854	639.519	121.626	19.617	38.253	0.000	14395.055	0.000	17828.054	0.465	1.000
1.001	3240.089	3240.089	3240.089	3240.089	1622.042	612.261	109.867	19.976	38.953	0.999	14607.366	0.000	17847.455	0.501	1.000
1.017	3303.228	3303.228	3303.228	3303.228	1561.114	603.985	144.602	21.641	37.380	0.000	14145.448	0.000	17448.676	0.473	1.000
1.009	3294.150	3294.150	3294.150	3294.150	1650.543	621.183	129.785	19.814	50.527	0.000	14538.842	0.000	17832.992	0.501	1.000
1.004	3284.816	3284.816	3284.816	3284.816	1579.181	617.334	129.441	22.901	46.798	0.000	14289.297	0.000	17574.113	0.481	1.000
1.014	3367.921	3367.921	3367.921	3367.921	1592.216	655.038	130.218	25.649	35.514	0.000	14514.418	0.000	17882.339	0.473	1.000
1.011	3373.424	3373.424	3373.424	3373.424	1625.413	640.674	111.722	17.796	41.525	0.000	14407.251	0.000	17780.676	0.482	1.000
1.016	3320.208	3320.208	3320.208	3320.208	1635.503	629.796	132.848	17.713	45.267	0.000	14531.569	0.000	17851.777	0.493	1.000
1.008	3473.828	3473.828	3473.828	3473.828	1556.823	667.777	129.983	20.837	27.783	0.000	14464.856	0.000	17938.684	0.448	1.000
1.003	3382.521	3382.521	3382.521	3382.521	1569.601	659.153	114.679	19.944	37.894	0.000	14424.576	0.000	17807.097	0.464	1.000
1.005	3368.585	3368.585	3368.585	3368.585	1641.029	612.651	145.206	21.880	39.783	0.000	14455.973	0.000	17824.558	0.487	1.000
1.019	3440.871	3440.871	3440.871	3440.871	1601.227	666.197	137.360	21.585	44.151	0.000	14416.925	0.000	17857.796	0.465	1.000
1.013	3382.688	3382.688	3382.688	3382.688	1582.798	646.342	108.546	14.802	30.590	0.000	14442.541	0.000	17825.229	0.468	1.000
1.010	3263.539	3263.539	3263.539	3263.539	1642.163	639.444	110.863	23.756	43.553	0.990	14365.711	0.000	17629.250	0.503	1.000
1.017	3428.517	3428.517	3428.517	3428.517	1636.606	656.608	103.209	16.710	38.335	0.000	14224.217	0.000	17652.735	0.477	1.000
1.012	3270.744	3270.744	3270.744	3270.744	1658.586	606.535	130.395	19.757	34.574	0.000	14215.042	0.000	17485.786	0.507	1.000
1.010	3421.652	3421.652	3421.652	3421.652	1612.286	612.035	126.765	8.913	36.643	0.000	14501.665	0.000	17923.317	0.471	1.000
1.011	3382.806	3382.806	3382.806	3382.806	1580.159	657.575	126.571	15.821	33.620	0.000	14484.460	0.000	17867.266	0.467	1.000
1.007	3410.295	3410.295	3410.295	3410.295	1691.244	617.706	100.303	20.855	52.634	0.000	14419.766	0.000	17830.061	0.496	1.000
1.025	3340.769	3340.769	3340.769	3340.769	1645.512	615.482	120.950	14.631	33.164	0.000	14296.540	0.000	17637.309	0.493	1.000
1.009	3277.081	3277.081	3277.081	3277.081	1582.039	598.717	138.775	14.869	48.571	0.000	14384.065	0.000	17661.146	0.483	1.000
1.023	3334.922	3334.922	3334.922	3334.922	1671.858	617.542	103.575	17.588	44.948	0.000	14359.805	0.000	17694.727	0.501	1.000
1.002	3336.290	3336.290	3336.290	3336.290	1607.249	633.915	126.783	14.974	46.920	0.000	14606.002	0.000	17942.291	0.482	1.000
1.013	3379.948	3379.948	3379.948	3379.948	1600.612	606.278	111.579	28.635	36.535	0.000	14438.096	0.000	17818.045	0.474	1.000
1.003	3389.662	3389.662	3389.662	3389.662	1586.163	606.151	127.611	21.933	35.891	0.000	14373.166	0.000	17762.828	0.468	1.000
1.023	3432.167	3432.167	3432.167	3432.167	1706.311	689.952	102.613	19.545	36.159	0.000	14551.529	0.000	17983.696	0.497	1.000
1.008	3365.832	3365.832	3365.832	3365.832	1671.015	603.946	95.203	25.784	45.618	0.000	14420.317	0.000	17786.149	0.496	1.000
1.002	3296.496	3296.496	3296.496	3296.496	1653.737	600.815	133.736	20.959	36.927	0.000	14512.369	0.000	17808.866	0.502	1.000
1.012	3355.930	3355.930	3355.930	3355.930	1568.736	619.784	119.608	19.770	32.620	0.000	14577.289	0.000	17933.218	0.467	1.000
1.004	3346.759	3346.759	3346.759	3346.759	1566.271	622.722	121.555	16.938	41.847	0.000	14548.787	0.000	17895.547	0.468	1.000
1.003	3338.007	3338.007	3338.007	3338.007	1654.048	583.254	146.561	18.943	36.890	0.000	14478.656	0.000	17816.664	0.496	1.000
1.018	3443.655	3443.655	3443.655	3443.655	1693.327	648.634	134.641	18.673	35.380	0.000	14535.292	0.000	17978.948	0.492	1.000
1.006	3302.602	3302.602	3302.602	3302.602	1571.247	595.682	114.363	21.878	45.745	0.000	14263.543	0.000	17566.145	0.476	1.000
1.011	3295.564	3295.564	3295.564	3295.564	1613.669	636.767	123.596	25.708	40.539	0.000	14448.868	0.000	17744.432	0.490	1.000
1.018	3235.794	3235.794	3235.794	3235.794	1561.430	615.734	113.916	12.766	43.209	0.000	14329.806	0.000	17565.600	0.483	1.000
1.020	3374.091	3374.091	3374.091	3374.091	1571.374	630.314	128.415	10.783	44.112	0.000	14534.472	0.000	17908.563	0.466	1.000
1.005	3176.082	3176.082	3176.082	3176.082	1610.422	607.763	119.364	15.915	52.719	0.000	14398.303	0.000	17574.385	0.507	1.000
1.010	3410.382	3410.382	3410.382	3410.382	1623.049	634.375	107.873	21.773	41.566	0.000	14524.307	0.000	17934.689	0.476	1.000
1.020	3377.986	3377.986	3377.986	3377.986	1564.954	649.122	106.880	15.689	30.397	0.000	14296.380	0.000	17674.366	0.463	1.000
1.002	3288.704	3288.704	3288.704	3288.704	1561.536	597.674	99.779	27.938	38.914	0.000	14396.064	0.000	17684.769	0.475	1.000
1.012	3277.014	3277.014	3277.014	3277.014	1666.680	594.113	115.659	24.714	44.484	0.000	14254.763	0.000	17531.777	0.509	1.000
1.022	3452.922	3452.922	3452.922	3452.922	1593.430	637.763	122.271	28.367	44.017	0.000	14322.289	0.000	17775.211	0.461	1.000
1.016	3307.972	3307.972	3307.972	3307.972	1624.468	618.892	113.152	21.646	44.277	0.000	14211.881	0.000	17519.852	0.491	1.000
1.007	3348.076	3348.076	3348.076	3348.076	1636.815	629.315	135.988	10.919	21.837	0.000	14371.017	0.000	17719.093	0.489	1.000
1.012	3347.090	3347.090	3347.090	3347.090	1585.568	614.852	123.564	20.759	37.563	0.000	14516.250	0.000	17863.341	0.474	1.000
1.000	3240.011	3240.011	3240.011	3240.011	1601.511	586.821	114.965	14.995	36.989	0.000	14337.623	0.000	17577.634	0.494	1.000
1.008	3213.059	3213.059	3213.059	3213.059	1625.873	607.099	122.015	24.800	30.752	0.000	14532.669	0.000	17745.728	0.506	1.000
1.016	3350.568	3350.568	3350.568	3350.568	1570.425	643.923	125.043	18.707	47.260	0.000	14556.213	0.000	17906.781	0.469	1.000
1.005	3261.109	3261.109	3261.109	3261.109	1626.575	624.764	116.397	11.938	53.722	0.000	14489.950	0.000	17751.059	0.499	1.000
1.002	3373.185	3373.185	3373.185	3373.185	1641.198	638.521	104.757	27.935	49.884	0.000	14590.197	0.000	17963.382	0.487	1.000
1.017	3380.719	3380.719	3380.719	3380.719	1661.360	620.306	135.661	17.695	40.305	0.000	14404.676	0.000	17785.396	0.491	1.000
1.013	3336.431	3336.431	3336.431	3336.431	1634.654	622.866	99.698	22.704	42.446	0.000	14338.758	0.000	17675.190	0.490	1.000
1.026	3365.056	3365.056	3365.056	3365.056	1641.086	606.510	123.837	13.651	37.054	0.000	14356.337	0.000	17721.393	0.488	1.000
1.015	3363.009	3363.009	3363.009	3363.009	1634.194	633.768	110.392	20.698	51.253	0.000	14292.790	0.000	17655.799	0.486	1.000
1.002	3261.983	3261.983	3261.983	3261.983	1622.505	606.068	106.836	24.962	37.942	0.000	14328.962	0.000	17590.945	0.497	1.000
1.011	3296.407	3296.407	3296.407	3296.407	1590.857	626.851	110.737	17.797	35.594	0.989	14327.604	0.000	17624.011	0.483	1.000
1.007	3200.934	3200.934	3200.934	3200.934	1642.192	622.900	113.255	21.856	50.667	0.000	14559.181	0.000	17760.115	0.513	1.000
1.008	3335.615	3335.615	3335.615	3335.615	1589.947	621.894	134.893	12.894	37.691	0.000	14348.201	0.000	17683.816	0.477	1.000
1.024	3412.333	3412.333	3412.333	3412.333	1636.358	637.555	123.996	27.338	42.959	0.000	14659.853	0.000	18072.186	0.480	1.000
1.014	3383.433	3383.433	3383.433	3383.433	1596.554	643.947	140.031	20.709	28.598	0.986	14515.923	0.000	17899.356	0.472	1.000
1.011	3344.830	3344.830	3344.830	3344.830	1662.027	607.431	131.577	24.733	54.412	0.000	14467.551	0.000	17812.381	0.497	1.000
1.005	3295.657	3295.657	3295.657	3295.657	1652.308	635.044	110.486	25.880	43.796	0.000	14473.618	0.000	17769.275	0.501	1.000
1.012	3223.527	3223.527	3223.527	3223.527	1631.527	628.499	120.561	21.741	48.422	0.000	14350.722	0.000	17574.249	0.506	1.000
1.019	3298.583	3298.583	3298.583	3298.583	1609.041	615.539	99.154	28.470	33.379	0.000	14169.183	0.000	17467.766	0.488	1.000
1.007	3342.443	3342.443	3342.443	3342.443	1707.477	633.723	105.289	21.853	34.765	0.000	14227.978	0.000	17570.421	0.511	1.000
1.016	3339.548	3339.548	3339.548	3339.548	1613.655	609.428	120.113	16.737	34.459	0.000	14326.975	0.000	17666.522	0.483	1.000
1.026	3353.253	3353.253	3353.253	3353.253	1615.215	562.450	109.176	21.445	39.966	0.000	14225.008	0.000	17578.261	0.482	1.000
1.022	3403.714	3403.714	3403.714	3403.714	1662.211	596.164	123.344	18.600	45.030	0.000	14380.373	0.000	17784.086	0.488	1.000
1.005	3363.743	3363.743	3363.743	3363.743	1639.564	621.183	139.368	24.887	27.874	0.000	14257.334	0.000	17621.077	0.487	1.000
1.002	3262.076	3262.076	3262.076	3262.076	1688.933	600.909	116.788	19.964	36.933	0.000	14456.746	0.000	17718.822	0.518	1.000
1.018	3376.364	3376.364	3376.364	3376.364	1679.344	625.580	124.723	22.588	42.229	0.000	14296.026	0.000	17672.391	0.497	1.000
1.014	3396.711	3396.711	3396.711	3396.711	1711.177	641.075	129.201	21.698	35.506	0.000	14358.107	0.000	17754.818	0.504	1.000
1.000	3253.999	3253.999	3253.999	3253.999	1646.000	599.000	120.000	19.000	34.000	0.000	14474.998	0.000	17728.997	0.506	1.000
1.009	3339.198	3339.198	3339.198	3339.198	1567.480	626.595	121.948	22.803	46.598	0.000	14493.984	0.000	17833.182	0.469	1.000
1.025	3242.604	3242.604	3242.604	3242.604	1641.294	577.330	123.853	17.554	42.910	0.000	14551.245	0.000	17793.849	0.506	1.000
1.012	3308.929	3308.929	3308.929	3308.929	1651.994	625.426	149.193	18.773	41.497	0.000	14565.611	0.000	17874.540	0.499	1.000
1.026	3344.022	3344.022	3344.022	3344.022	1644.713	611.283	128.691	15.599	37.047	0.000	14388.070	0.000	17732.092	0.492	1.000
1.019	3353.032	3353.032	3353.032	3353.032	1638.737	579.936	134.435	28.457	37.289	0.000	14380.653	0.000	17733.685	0.489	1.000
1.015	3171.515	3171.515	3171.515	3171.515	1603.985	571.444	108.377	10.838	42.366	0.000	14461.479	0.000	17632.994	0.506	1.000
1.023	3325.820	3325.820	3325.820	3325.820	1606.681	628.786	103.657	20.536	44.005	0.000	14292.911	0.000	17618.731	0.483	1.000
1.027	3225.365	3225.365	3225.365	3225.365	1627.290	585.279	120.756	21.425	32.137	0.000	14394.358	0.000	17619.723	0.505	1.000
1.021	3379.231	3379.231	3379.231	3379.231	1633.785	625.892	118.518	26.446	37.221	0.000	14439.602	0.000	17818.833	0.483	1.000
1.002	3286.623	3286.623	3286.623	3286.623	1622.358	601.649	118.733	14.966	39.910	0.000	14274.957	0.000	17561.580	0.494	1.000
1.007	3334.174	3334.174	3334.174	3334.174	1620.393	618.948	115.246	18.876	51.662	0.000	14564.659	0.000	17898.833	0.486	1.000
1.002	3427.094	3427.094	3427.094	3427.094	1541.444	649.502	124.712	21.949	31.926	0.000	14514.518	0.000	17941.613	0.450	1.000
1.025	3385.720	3385.720	3385.720	3385.720	1626.511	640.067	91.717	20.490	38.053	0.000	14328.326	0.000	17714.046	0.480	1.000
1.027	3281.654	3281.654	3281.654	3281.654	1640.827	604.720	110.038	15.581	34.082	0.000	14466.542	0.000	17748.196	0.500	1.000
1.006	3357.419	3356.426	3356.426	3356.426	1593.756	621.008	112.278	28.815	29.808	0.000	14543.518	0.000	17899.943	0.475	1.000
1.002	3297.237	3297.237	3297.237	3297.237	1610.696	627.712	103.787	13.971	48.900	0.000	14180.912	0.000	17478.148	0.488	1.000
1.001	3264.208	3264.208	3264.208	3264.208	1638.100	610.665	129.929	24.986	39.978	0.000	14506.035	0.000	17770.242	0.502	1.000
1.003	3286.518	3286.518	3286.518	3286.518	1623.809	591.473	114.704	19.949	44.884	0.000	14457.687	0.000	17744.205	0.494	1.000
1.019	3413.801	3413.801	3413.801	3413.801	1640.156	657.633	109.933	23.557	48.096	0.000	14544.480	0.000	17958.281	0.480	1.000
1.003	3368.557	3368.557	3368.557	3368.557	1597.049	649.985	113.648	20.935	38.879	0.000	14450.203	0.000	17818.760	0.474	1.000
1.018	3310.009	3310.009	3310.009	3310.009	1632.400	612.273	121.865	13.759	41.277	0.000	14180.557	0.000	17490.565	0.493	1.000
1.008	3420.285	3420.285	3420.285	3420.285	1627.290	665.800	104.186	22.822	43.659	0.000	14648.585	0.000	18068.870	0.476	1.000
1.023	3360.070	3360.070	3360.070	3360.070	1637.007	639.548	119.304	18.580	31.293	0.000	14349.728	0.000	17709.798	0.487	1.000
1.015	3424.847	3424.847	3424.847	3424.847	1675.968	671.964	114.293	24.632	41.382	0.000	14292.530	0.000	17717.377	0.489	1.000
1.015	3295.404	3295.404	3295.404	3295.404	1696.976	608.034	131.067	27.593	36.462	0.000	14299.138	0.000	17594.542	0.515	1.000
1.017	3316.060	3315.077	3315.077	3315.077	1635.425	630.975	104.180	18.674	43.244	0.000	14291.296	0.000	17606.373	0.493	1.000
1.011	3305.897	3305.897	3305.897	3305.897	1681.149	653.066	120.718	23.748	32.653	0.000	14360.516	0.000	17666.413	0.509	1.000
1.021	3377.494	3377.494	3377.494	3377.494	1641.253	675.695	112.616	26.440	42.109	0.000	14282.619	0.000	17660.113	0.486	1.000
1.022	3271.813	3271.813	3271.813	3271.813	1633.461	615.238	112.484	24.453	44.015	0.000	14328.487	0.000	17600.300	0.499	1.000
1.014	3284.097	3284.097	3284.097	3284.097	1641.555	623.475	100.624	18.744	50.312	0.000	14478.044	0.000	17762.141	0.500	1.000
1.000	3355.423	3355.423	3355.423	3355.423	1678.711	625.892	102.982	13.998	41.993	0.000	14361.529	0.000	17716.951	0.500	1.000
1.021	3226.575	3226.575	3226.575	3226.575	1618.185	621.023	108.728	19.591	46.038	0.000	14436.330	0.000	17662.905	0.502	1.000
1.008	3300.173	3300.173	3300.173	3300.173	1576.143	612.393	105.209	10.918	45.657	0.000	14482.050	0.000	17782.223	0.478	1.000
1.021	3325.792	3325.792	3325.792	3325.792	1614.881	620.279	111.709	21.558	45.076	0.000	14451.614	0.000	17777.406	0.486	1.000
1.003	3211.034	3211.034	3211.034	3211.034	1661.361	586.363	106.702	25.928	40.886	0.000	14463.612	0.000	17674.645	0.517	1.000
1.026	3288.661	3288.661	3288.661	3288.661	1631.168	621.072	120.899	15.600	37.050	0.000	14673.689	0.000	17962.350	0.496	1.000
1.014	3356.810	3356.810	3356.810	3356.810	1653.266	602.353	118.302	21.689	44.363	0.000	14395.340	0.000	17752.150	0.493	1.000
1.014	3260.273	3260.273	3260.273	3260.273	1598.579	621.286	109.465	12.820	42.405	0.000	14470.050	0.000	17730.323	0.490	1.000
1.014	3361.156	3361.156	3361.156	3361.156	1585.432	648.765	112.400	17.747	41.411	0.000	14345.796	0.000	17706.952	0.472	1.000
1.013	3291.566	3291.566	3291.566	3291.566	1612.216	608.160	110.575	16.784	41.465	0.000	14288.794	0.000	17580.360	0.490	1.000
1.003	3293.921	3293.921	3293.921	3293.921	1596.630	626.892	118.601	12.956	29.899	0.000	14551.059	0.000	17844.981	0.485	1.000
1.009	3410.773	3410.773	3410.773	3410.773	1571.155	620.141	110.952	25.757	35.663	0.000	14431.643	0.000	17842.416	0.461	1.000
1.020	3277.297	3277.297	3277.297	3277.297	1631.296	625.461	109.799	25.489	46.076	0.000	14404.225	0.000	17681.522	0.498	1.000
1.023	3264.031	3264.031	3264.031	3264.031	1568.964	595.326	122.193	17.596	32.259	0.000	14308.363	0.000	17572.394	0.481	1.000
1.009	3395.855	3395.855	3395.855	3395.855	1636.987	615.356	115.937	16.846	34.682	0.000	14520.824	0.000	17916.679	0.482	1.000
1.017	3326.050	3326.050	3326.050	3326.050	1598.628	613.495	123.879	22.613	42.276	0.000	14375.850	0.000	17701.900	0.481	1.000
1.009	3341.686	3341.686	3341.686	3341.686	1595.526	646.138	108.020	15.856	32.703	0.000	14497.485	0.000	17839.170	0.477	1.000
1.004	3339.090	3339.090	3339.090	3339.090	1614.757	608.647	131.492	19.923	41.838	0.000	14556.721	0.000	17895.811	0.484	1.000
1.014	3243.892	3243.892	3243.892	3243.892	1581.496	616.616	107.538	10.852	39.463	0.000	14388.359	0.000	17632.251	0.488	1.000
1.015	3177.244	3177.244	3177.244	3177.244	1594.040	600.967	128.075	24.630	50.245	0.000	14307.941	0.000	17485.185	0.502	1.000
1.004	3305.231	3305.231	3305.231	3305.231	1611.288	611.453	107.552	16.929	41.826	0.000	14573.289	0.000	17878.520	0.487	1.000
1.009	3291.672	3291.672	3291.672	3291.672	1632.455	608.578	108.037	14.868	47.576	0.000	14586.041	0.000	17877.713	0.496	1.000
1.005	3353.823	3353.823	3353.823	3353.823	1706.750	602.733	136.261	25.860	38.790	0.000	14271.651	0.000	17625.473	0.509	1.000
1.005	3205.944	3205.944	3205.944	3205.944	1669.638	630.841	116.417	16.915	38.806	0.000	14606.845	0.000	17812.789	0.521	1.000
1.011	3325.297	3325.297	3325.297	3325.297	1578.107	656.556	114.700	17.798	45.484	0.000	14632.100	0.000	17957.397	0.475	1.000
1.018	3288.478	3288.478	3288.478	3288.478	1598.579	593.085	117.831	10.801	39.277	0.000	14566.907	0.000	17855.385	0.486	1.000
1.016	3330.525	3330.525	3330.525	3330.525	1644.096	647.794	108.294	26.581	41.349	0.000	14458.201	0.000	17788.726	0.494	1.000
1.018	3360.241	3360.241	3360.241	3360.241	1566.147	583.621	116.921	14.738	35.371	0.000	14352.747	0.000	17712.987	0.466	1.000
1.008	3356.548	3356.548	3356.548	3356.548	1591.980	623.897	118.035	20.830	52.570	0.000	14585.707	0.000	17942.254	0.474	1.000
1.004	3316.991	3316.991	3316.991	3316.991	1664.472	670.371	113.555	23.906	44.824	0.000	14350.716	0.000	17667.707	0.502	1.000
1.013	3364.662	3364.662	3364.662	3364.662	1615.196	652.594	123.410	21.720	47.390	0.000	14456.790	0.000	17821.452	0.480	1.000
1.003	3350.699	3350.699	3350.699	3350.699	1570.703	636.852	140.526	13.953	39.866	0.000	14515.047	0.000	17865.746	0.469	1.000
1.012	3376.459	3376.459	3376.459	3376.459	1631.922	635.185	129.408	18.769	34.575	0.000	14323.773	0.000	17700.232	0.483	1.000
1.008	3396.881	3396.881	3396.881	3396.881	1639.429	610.943	124.966	25.787	42.647	0.000	14337.316	0.000	17734.196	0.483	1.000
1.007	3366.164	3366.164	3366.164	3366.164	1622.032	595.606	118.128	17.868	35.736	0.000	14210.155	0.000	17576.319	0.482	1.000
1.005	3300.413	3300.413	3300.413	3300.413	1642.744	626.850	135.320	13.930	42.785	0.000	14547.887	0.000	17848.300	0.498	1.000
1.000	3310.848	3310.848	3310.848	3310.848	1611.926	606.972	116.995	14.999	41.998	0.000	14466.334	0.000	17777.182	0.487	1.000
1.003	3245.446	3245.446	3245.446	3245.446	1607.771	616.994	102.666	18.938	40.867	0.000	14520.778	0.000	17766.224	0.495	1.000
1.006	3216.389	3216.389	3216.389	3216.389	1571.927	582.269	102.344	18.879	40.739	0.000	14292.414	0.000	17508.803	0.489	1.000
1.023	3338.812	3338.812	3338.812	3338.812	1637.650	597.019	108.460	21.497	50.810	0.000	14390.993	0.000	17729.806	0.490	1.000
1.024	3281.938	3281.938	3281.938	3281.938	1653.175	625.922	95.695	17.577	41.988	0.000	14282.924	0.000	17564.862	0.504	1.000
1.015	3293.559	3293.559	3293.559	3293.559	1597.504	622.839	122.203	25.623	45.333	0.000	14416.956	0.000	17710.515	0.485	1.000
1.010	3317.398	3317.398	3317.398	3317.398	1574.526	646.645	137.647	21.786	42.582	0.000	14506.436	0.000	17823.834	0.475	1.000
1.008	3359.563	3359.563	3359.563	3359.563	1661.432	578.277	105.141	11.903	44.635	0.992	14196.065	0.000	17555.628	0.495	1.000
1.017	3436.972	3436.972	3436.972	3436.972	1622.659	633.928	119.906	22.605	60.936	0.000	14506.634	0.000	17943.606	0.472	1.000
1.007	3291.039	3291.039	3291.039	3291.039	1642.540	672.309	110.231	15.889	32.771	0.000	14470.047	0.000	17761.086	0.499	1.000
1.001	3362.068	3362.068	3362.068	3362.068	1603.079	636.634	116.933	17.990	36.979	0.000	14389.733	0.000	17751.801	0.477	1.000
1.018	3325.142	3325.142	3325.142	3325.142	1587.893	617.077	118.895	19.652	41.269	0.000	14394.209	0.000	17719.351	0.478	1.000
1.016	3416.935	3416.935	3416.935	3416.935	1596.211	607.564	115.211	23.633	50.220	0.000	14419.070	0.000	17836.005	0.467	1.000
1.017	3310.359	3310.359	3310.359	3310.359	1667.957	620.201	122.861	15.726	32.435	0.000	14484.787	0.000	17795.146	0.504	1.000
1.023	3396.067	3396.067	3396.067	3396.067	1694.613	610.803	117.274	27.364	47.887	0.000	14288.891	0.000	17684.958	0.499	1.000
1.010	3447.127	3447.127	3447.127	3447.127	1582.905	638.907	122.829	20.802	39.622	0.000	14428.407	0.000	17875.534	0.459	1.000
1.010	3395.716	3395.716	3395.716	3395.716	1634.021	696.760	106.889	22.763	40.578	0.000	14511.216	0.000	17906.932	0.481	1.000
1.022	3333.719	3333.719	3333.719	3333.719	1658.056	624.094	132.058	20.542	31.303	0.000	14378.619	0.000	17712.338	0.497	1.000
1.012	3196.811	3196.811	3196.811	3196.811	1653.727	594.710	114.595	17.782	42.479	0.000	14375.769	0.000	17572.580	0.517	1.000
1.019	3362.332	3362.332	3362.332	3362.332	1626.207	613.385	119.733	25.517	40.238	0.000	14274.700	0.000	17637.032	0.484	1.000
1.009	3352.068	3352.068	3352.068	3352.068	1662.657	647.029	113.949	13.872	46.570	0.000	14451.643	0.000	17803.711	0.496	1.000
1.009	3274.448	3274.448	3274.448	3274.448	1579.265	632.102	129.789	11.889	36.658	0.991	14418.469	0.000	17692.917	0.482	1.000
1.025	3374.239	3374.239	3374.239	3374.239	1564.172	638.159	117.093	19.516	41.958	0.000	14281.482	0.000	17655.721	0.464	1.000
1.018	3358.926	3358.926	3358.926	3358.926	1600.424	596.968	137.460	19.637	43.202	0.000	14235.916	0.000	17594.842	0.476	1.000
1.018	3198.484	3198.484	3198.484	3198.484	1628.212	608.861	120.790	22.587	58.922	0.000	14389.743	0.000	17588.227	0.509	1.000
1.021	3311.579	3311.579	3311.579	3311.579	1618.581	631.570	116.522	27.417	51.896	0.000	14401.745	0.000	17713.324	0.489	1.000
1.015	3343.404	3343.404	3343.404	3343.404	1593.410	663.757	107.343	18.711	41.362	0.000	14378.115	0.000	17721.520	0.477	1.000
1.011	3387.904	3387.904	3387.904	3387.904	1612.346	612.296	110.787	9.892	45.502	0.000	14646.627	0.000	18034.532	0.476	1.000
1.006	3431.409	3431.409	3431.409	3431.409	1670.489	673.761	123.225	19.875	34.781	0.994	14703.482	0.000	18134.890	0.487	1.000
1.013	3317.980	3317.980	3317.980	3317.980	1644.177	610.271	129.362	22.712	41.475	0.000	14535.911	0.000	17853.891	0.496	1.000
1.000	3243.213	3243.213	3243.213	3243.213	1682.592	597.855	132.968	14.996	35.991	0.000	14343.520	0.000	17586.733	0.519	1.000
1.021	3358.816	3358.816	3358.816	3358.816	1655.893	600.628	105.820	19.596	38.213	0.000	14518.944	0.000	17877.760	0.493	1.000
1.007	3334.097	3334.097	3334.097	3334.097	1620.355	611.980	122.197	24.837	35.765	1.987	14350.725	0.000	17684.822	0.486	1.000
1.022	3330.517	3330.517	3330.517	3330.517	1602.132	619.517	112.551	17.617	38.169	0.000	14545.442	0.000	17875.959	0.481	1.000
1.015	3339.684	3339.684	3339.684	3339.684	1616.135	633.643	122.196	19.709	42.374	0.000	14363.895	0.000	17703.579	0.484	1.000
1.009	3338.709	3338.709	3338.709	3338.709	1662.419	647.927	115.914	25.759	40.619	0.000	14430.752	0.000	17769.461	0.498	1.000
1.017	3292.201	3292.201	3292.201	3292.201	1608.734	582.133	104.233	21.633	50.150	0.000	14337.004	0.000	17629.204	0.489	1.000
1.003	3256.806	3256.806	3256.806	3256.806	1647.338	606.914	106.633	32.887	40.860	0.000	14331.739	0.000	17588.544	0.506	1.000
1.002	3342.180	3342.180	3342.180	3342.180	1670.591	638.697	121.752	22.953	37.923	0.000	14469.472	0.000	17811.651	0.500	1.000
1.017	3293.365	3293.365	3293.365	3293.365	1631.936	621.315	124.853	24.577	35.391	0.000	14407.244	0.000	17700.609	0.496	1.000
1.012	3242.645	3242.645	3242.645	3242.645	1623.792	615.342	104.697	16.791	30.619	0.000	14489.673	0.000	17732.318	0.501	1.000
1.002	3417.414	3417.414	3417.414	3417.414	1679.255	678.890	107.824	24.959	29.951	0.000	14586.158	0.000	18003.572	0.491	1.000
1.004	3344.181	3344.181	3344.181	3344.181	1659.144	616.453	109.547	16.930	51.786	0.000	14300.903	0.000	17645.084	0.496	1.000
1.020	3340.004	3340.004	3340.004	3340.004	1580.818	648.792	98.985	23.521	42.142	0.000	14293.021	0.000	17633.025	0.473	1.000
1.003	3365.525	3365.525	3365.525	3365.525	1567.655	591.982	108.630	24.915	37.871	0.000	14247.423	0.000	17612.948	0.466	1.000
1.025	3254.434	3254.434	3254.434	3254.434	1660.863	611.486	118.006	21.456	46.812	0.000	14412.353	0.000	17666.786	0.510	1.000
1.005	3142.685	3142.685	3142.685	3142.685	1624.566	542.185	113.411	18.902	37.804	0.000	14305.732	0.000	17448.417	0.517	1.000
1.021	3252.159	3252.159	3252.159	3252.159	1534.462	679.044	117.583	23.517	23.517	0.000	14653.823	0.000	17905.982	0.472	1.000
1.022	3338.174	3338.174	3338.174	3338.174	1626.039	609.520	128.166	23.481	42.070	0.000	14250.834	0.000	17589.009	0.487	1.000
1.014	3336.923	3336.923	3336.923	3336.923	1552.034	598.910	118.401	8.880	47.360	0.000	14274.175	0.000	17611.097	0.465	1.000
1.024	3310.755	3310.755	3310.755	3310.755	1684.196	610.570	109.414	23.446	34.192	0.000	14559.898	0.000	17870.653	0.509	1.000
1.000	3275.458	3275.458	3275.458	3275.458	1588.737	645.893	98.984	17.997	31.995	0.000	14326.629	0.000	17602.087	0.485	1.000
1.005	3295.111	3295.111	3295.111	3295.111	1631.145	603.722	115.374	17.903	48.735	0.000	14510.226	0.000	17805.338	0.495	1.000
1.025	3306.321	3306.321	3306.321	3306.321	1629.753	610.548	129.717	17.556	47.790	0.000	14282.528	0.000	17588.850	0.493	1.000
1.010	3320.118	3320.118	3320.118	3320.118	1622.443	623.636	101.959	25.737	45.535	0.000	14530.713	0.000	17850.831	0.489	1.000
1.025	3213.721	3213.721	3213.721	3213.721	1576.616	653.671	111.222	18.537	40.001	0.000	14494.918	0.000	17708.639	0.491	1.000
1.018	3370.906	3370.906	3370.906	3370.906	1585.789	591.111	128.631	21.602	43.204	0.000	14277.009	0.000	17647.915	0.470	1.000
1.016	3299.258	3299.258	3299.258	3299.258	1647.661	651.584	107.285	17.717	34.449	0.000	14358.466	0.000	17657.724	0.499	1.000
1.023	3352.077	3352.077	3352.077	3352.077	1692.652	645.983	110.433	27.364	41.046	0.000	14194.042	0.000	17546.118	0.505	1.000
1.001	3303.471	3303.471	3303.471	3303.471	1669.722	595.544	129.901	19.985	46.964	0.000	14414.965	0.000	17718.437	0.505	1.000
1.004	3229.022	3229.022	3229.022	3229.022	1609.035	580.487	115.500	16.927	41.819	0.000	14367.803	0.000	17596.824	0.498	1.000
1.004	3458.399	3458.399	3458.399	3458.399	1675.925	651.251	136.424	22.903	41.823	0.000	14348.424	0.000	17806.824	0.485	1.000
1.004	3315.275	3315.275	3315.275	3315.275	1618.300	609.477	120.501	11.951	48.798	0.000	14204.195	0.000	17519.469	0.488	1.000
1.016	3375.243	3375.243	3375.243	3375.243	1570.979	637.841	115.166	16.733	45.279	0.000	14362.253	0.000	17737.496	0.465	1.000
1.018	3301.961	3301.961	3301.961	3301.961	1641.153	591.601	108.100	14.741	42.257	0.000	14308.499	0.000	17610.460	0.497	1.000
1.027	3307.588	3307.588	3307.588	3307.588	1645.034	641.466	112.914	13.627	37.962	0.000	14480.188	0.000	17787.776	0.497	1.000
1.019	3413.728	3413.728	3413.728	3413.728	1660.759	601.326	123.600	22.562	36.295	0.000	14309.209	0.000	17722.936	0.486	1.000
1.026	3410.046	3410.046	3410.046	3410.046	1628.054	632.320	120.813	10.717	48.715	0.000	14310.503	0.000	17720.549	0.477	1.000
1.012	3345.717	3345.717	3345.717	3345.717	1667.426	596.638	105.696	20.744	34.573	0.000	14064.459	0.000	17410.176	0.498	1.000
1.015	3464.980	3464.980	3464.980	3464.980	1638.922	665.812	149.709	11.819	44.322	0.000	14327.762	0.000	17792.743	0.473	1.000
1.004	3261.706	3261.706	3261.706	3261.706	1608.936	612.691	112.576	21.917	30.884	0.000	14217.414	0.000	17479.120	0.493	1.000
1.009	3329.777	3329.777	3329.777	3329.777	1627.715	572.971	128.869	16.852	43.617	0.000	14259.853	0.000	17589.630	0.489	1.000
1.005	3267.727	3267.727	3267.727	3267.727	1597.533	580.288	104.512	21.898	48.772	0.000	14043.363	0.000	17311.090	0.489	1.000
1.004	3295.430	3295.430	3295.430	3295.430	1628.787	594.732	119.544	24.905	36.859	0.000	14288.500	0.000	17583.930	0.494	1.000
1.009	3285.390	3285.390	3285.390	3285.390	1707.095	612.295	103.040	23.778	46.566	0.000	14324.539	0.000	17609.930	0.520	1.000
1.003	3294.495	3294.495	3294.495	3294.495	1638.770	654.311	113.706	14.961	54.858	0.000	14277.144	0.000	17571.640	0.497	1.000
1.002	3298.856	3298.856	3298.856	3298.856	1617.478	603.060	124.805	19.969	42.933	0.000	14372.590	0.000	17671.446	0.490	1.000
1.002	3244.098	3244.098	3244.098	3244.098	1664.485	634.042	97.852	14.977	50.923	0.000	14110.676	0.000	17354.773	0.513	1.000
1.014	3262.094	3262.094	3262.094	3262.094	1676.409	575.896	119.321	25.639	38.459	0.000	14516.713	0.000	17778.807	0.514	1.000
1.022	3454.454	3454.454	3454.454	3454.454	1625.970	635.909	110.550	17.610	45.981	0.000	14518.292	0.000	17972.746	0.471	1.000
1.003	3343.574	3343.574	3343.574	3343.574	1745.080	657.147	124.649	14.958	44.873	0.000	14412.369	0.000	17755.942	0.522	1.000
1.001	3302.610	3302.610	3302.610	3302.610	1555.874	636.539	119.913	19.986	41.970	0.999	14395.582	0.000	17698.192	0.471	1.000
1.007	3340.058	3339.065	3339.065	3339.065	1612.955	611.434	113.155	19.852	38.711	0.000	14197.974	0.000	17537.040	0.483	1.000
1.011	3224.888	3224.888	3224.888	3224.888	1587.713	601.451	100.901	20.774	49.461	0.000	14289.417	0.000	17514.305	0.492	1.000
1.019	3314.331	3314.331	3314.331	3314.331	1681.709	614.565	120.753	14.726	36.324	0.000	14156.591	0.000	17470.922	0.507	1.000
1.011	3323.922	3323.922	3323.922	3323.922	1649.101	555.966	112.776	17.807	47.485	0.000	14368.050	0.000	17691.972	0.496	1.000
1.008	3309.583	3309.583	3309.583	3309.583	1600.227	570.447	126.986	16.865	28.770	0.000	14306.804	0.000	17616.387	0.484	1.000
1.017	3423.206	3423.206	3423.206	3423.206	1617.170	657.098	121.976	15.739	53.119	0.000	14350.905	0.000	17774.111	0.472	1.000
1.024	3213.648	3213.648	3213.648	3213.648	1620.491	611.101	105.430	10.738	41.000	0.000	14343.294	0.000	17556.941	0.504	1.000
1.021	3367.818	3367.818	3367.818	3367.818	1599.714	632.445	119.440	13.706	43.077	0.000	14331.829	0.000	17699.647	0.475	1.000
1.018	3432.986	3432.986	3432.986	3432.986	1622.223	647.122	134.531	8.838	49.099	0.000	14239.624	0.000	17672.610	0.473	1.000
1.002	3308.674	3308.674	3308.674	3308.674	1659.329	622.997	80.870	24.960	35.942	0.998	14329.932	0.000	17638.605	0.502	1.000
1.019	3359.792	3359.792	3359.792	3359.792	1629.376	636.644	113.791	14.714	36.296	0.000	14386.776	0.000	17746.568	0.485	1.000
1.012	3314.619	3314.619	3314.619	3314.619	1719.570	600.861	123.532	24.706	37.554	0.000	14366.312	0.000	17680.931	0.519	1.000
1.020	3252.859	3252.859	3252.859	3252.859	1628.879	579.222	125.449	17.641	38.223	0.000	14424.698	0.000	17677.557	0.501	1.000
1.008	3354.662	3354.662	3354.662	3354.662	1602.419	666.765	114.104	25.797	57.548	0.000	14396.967	0.000	17751.628	0.478	1.000
1.016	3323.038	3323.038	3323.038	3323.038	1643.304	614.393	131.937	20.677	39.384	0.000	14541.613	0.000	17864.651	0.495	1.000
1.020	3244.573	3244.573	3244.573	3244.573	1619.344	601.246	106.910	25.501	43.156	0.000	14548.593	0.000	17793.166	0.499	1.000
1.021	3388.879	3388.879	3388.879	3388.879	1602.888	657.997	138.062	12.729	45.041	0.000	14571.886	0.000	17960.764	0.473	1.000
1.013	3417.493	3417.493	3417.493	3417.493	1596.738	651.327	128.292	17.763	31.579	0.000	14371.628	0.000	17789.120	0.467	1.000
1.005	3254.736	3254.736	3254.736	3254.736	1636.320	587.882	111.409	21.884	50.731	0.000	14233.500	0.000	17488.236	0.503	1.000
1.009	3250.375	3250.375	3250.375	3250.375	1614.287	605.481	117.925	28.738	40.630	0.000	14417.592	0.000	17667.966	0.497	1.000
1.010	3369.997	3369.997	3369.997	3369.997	1629.046	639.735	114.875	13.864	33.670	0.000	14463.357	0.000	17833.354	0.483	1.000
1.001	3346.023	3346.023	3346.023	3346.023	1624.040	612.638	119.929	18.989	49.970	0.000	14310.543	0.000	17656.566	0.485	1.000
1.004	3379.417	3379.417	3379.417	3379.417	1668.787	622.682	127.525	15.941	45.829	0.000	14458.168	0.000	17837.585	0.494	1.000
1.019	3190.467	3190.467	3190.467	3190.467	1668.860	597.844	106.022	25.524	35.341	0.000	14308.999	0.000	17499.465	0.523	1.000
1.001	3362.763	3362.763	3362.763	3362.763	1651.410	654.370	119.885	20.980	40.961	0.000	14455.085	0.000	17817.848	0.491	1.000
1.008	3298.989	3298.989	3298.989	3298.989	1615.750	587.546	114.135	18.857	52.601	0.000	14225.155	0.000	17524.144	0.490	1.000
1.006	3299.154	3299.154	3299.154	3299.154	1574.529	587.466	123.259	17.892	39.761	0.000	14295.010	0.000	17594.164	0.477	1.000
1.015	3365.841	3365.841	3365.841	3365.841	1548.385	634.730	115.316	18.726	37.453	0.000	14034.029	0.000	17399.869	0.460	1.000
1.015	3275.085	3275.085	3275.085	3275.085	1539.999	561.612	139.910	17.735	40.397	0.000	14273.812	0.000	17548.896	0.470	1.000
1.007	3337.253	3337.253	3337.253	3337.253	1686.505	624.742	99.323	20.858	45.689	0.000	14501.161	0.000	17838.414	0.505	1.000
1.010	3304.603	3304.603	3304.603	3304.603	1599.800	548.786	124.814	23.774	34.671	0.000	14241.690	0.000	17546.294	0.484	1.000
1.002	3305.015	3305.015	3305.015	3305.015	1612.081	632.854	121.779	13.975	39.928	0.000	14441.847	0.000	17746.862	0.488	1.000
1.002	3303.064	3303.064	3303.064	3303.064	1544.289	575.617	120.710	26.935	38.907	0.000	14317.598	0.000	17620.662	0.468	1.000
1.005	3276.407	3276.407	3276.407	3276.407	1658.097	595.801	126.322	21.883	39.786	0.000	14425.542	0.000	17701.949	0.506	1.000
1.004	3383.364	3383.364	3383.364	3383.364	1737.484	663.131	125.457	19.914	36.841	0.000	14421.616	0.000	17804.980	0.514	1.000
1.023	3226.886	3226.886	3226.886	3226.886	1570.418	592.574	123.208	17.601	44.981	0.000	14294.127	0.000	17521.013	0.487	1.000
1.004	3268.714	3268.714	3268.714	3268.714	1631.866	562.884	123.536	14.944	42.839	0.000	14460.648	0.000	17729.362	0.499	1.000
1.023	3389.638	3389.638	3389.638	3389.638	1612.717	635.313	115.334	14.661	38.119	0.000	14371.754	0.000	17761.392	0.476	1.000
1.017	3240.937	3240.937	3240.937	3240.937	1633.739	607.491	120.908	14.745	39.320	0.000	14256.387	0.000	17497.323	0.504	1.000
1.020	3346.826	3346.826	3346.826	3346.826	1639.602	603.703	125.445	23.521	34.301	0.000	14372.242	0.000	17719.068	0.490	1.000
1.006	3283.287	3283.287	3283.287	3283.287	1611.326	591.449	110.338	13.916	36.779	0.000	14420.420	0.000	17703.707	0.491	1.000
1.018	3345.121	3345.121	3345.121	3345.121	1573.828	610.079	119.855	21.613	45.191	0.000	14298.060	0.000	17643.181	0.470	1.000
1.004	3219.380	3219.380	3219.380	3219.380	1634.102	580.903	115.583	21.921	36.867	0.000	14507.634	0.000	17727.014	0.508	1.000
0.045	3325.436	3325.436	3325.436	3325.436	1441.022	620.748	0.000	0.000	0.000	0.000	14232.865	0.000	17558.301	0.433	1.000
0.022	3282.059	3282.059	3282.059	3282.059	1528.630	584.476	89.919	0.000	134.879	0.000	14611.907	0.000	17893.966	0.466	1.000
