Duration	Ch2	Ch4	Ch6	Ch8	Ch7	Ch2+Ch3	Ch3+Ch4	Ch3+Ch6	Ch3+Ch8	Ch3+Ch7	Ch3
1.015	8004.913	8004.913	8004.913	8004.913	7526.096	3918.220	665.024	251.231	0.000	100.492	82423.507	0.940	1.000
1.022	8040.003	8040.003	8040.003	8040.003	7314.877	3948.565	647.819	215.287	0.000	108.622	82257.377	0.910	1.000
1.019	8061.188	8061.188	8061.188	8061.188	7266.063	3940.284	602.724	226.758	0.982	100.127	82201.147	0.901	1.000
1.021	8031.957	8031.957	8031.957	8031.957	7477.623	3994.921	591.550	251.703	0.979	102.836	82770.972	0.931	1.000
1.001	8069.378	8069.378	8069.378	8069.378	7338.430	3948.313	619.108	228.671	0.000	94.863	82636.978	0.909	1.000
1.017	7862.738	7862.738	7862.738	7862.738	7331.870	3834.043	598.701	223.161	1.966	97.326	81526.505	0.932	1.000
1.009	8123.635	8123.635	8123.635	8123.635	7358.171	3966.135	655.404	239.951	2.975	96.179	82520.389	0.906	1.000
1.023	8008.148	8008.148	8008.148	8008.148	7308.388	3926.866	644.053	239.443	0.000	101.641	82751.514	0.913	1.000
1.006	8023.497	8023.497	8023.497	8023.497	7368.376	3875.058	626.292	232.623	0.994	111.341	82477.694	0.918	1.000
1.001	8015.568	8015.568	8015.568	8015.568	7501.174	3931.374	663.220	232.726	0.000	106.874	82611.794	0.936	1.000
1.004	8084.078	8084.078	8084.078	8084.078	7505.150	3998.694	640.708	228.184	0.996	90.676	82540.702	0.928	1.000
1.013	8041.279	8041.279	8041.279	8041.279	7504.272	3882.439	634.734	233.953	2.961	108.586	82552.920	0.933	1.000
1.012	8106.742	8106.742	8107.730	8107.730	7073.394	3960.508	653.005	226.230	0.988	99.778	82496.914	0.873	1.000
1.009	7971.079	7971.079	7971.079	7971.079	7332.917	3800.235	638.162	230.888	1.982	100.084	82624.135	0.920	1.000
1.006	7962.643	7962.643	7962.643	7962.643	7291.634	3879.925	605.399	223.670	0.994	77.539	82381.050	0.916	1.000
1.014	8053.989	8053.989	8053.989	8053.989	7264.073	3864.771	616.352	246.541	1.972	105.519	82003.352	0.902	1.000
1.019	8014.171	8014.171	8014.171	8014.171	7270.173	3916.294	643.882	218.881	3.926	102.079	82052.740	0.907	1.000
1.010	7971.505	7971.505	7971.505	7971.505	7294.595	3965.465	566.071	282.046	0.990	103.912	81940.736	0.915	1.000
1.011	8031.500	8031.500	8031.500	8031.500	7207.782	3908.953	613.092	238.315	0.989	100.863	82551.795	0.897	1.000
1.023	7888.981	7888.981	7888.981	7888.981	7483.440	3830.646	607.822	243.324	0.977	116.287	82469.311	0.949	1.000
1.021	8168.694	8168.694	8168.694	8168.694	7174.900	4056.442	636.420	209.529	0.000	102.806	82826.618	0.878	1.000
1.007	7978.047	7978.047	7978.047	7978.047	7396.977	3876.783	620.802	206.603	0.000	107.275	82406.713	0.927	1.000
1.015	8119.254	8119.254	8119.254	8119.254	7282.217	3955.736	643.041	215.660	0.985	120.139	82876.460	0.897	1.000
1.001	7883.174	7883.174	7883.174	7883.174	7318.878	3803.260	619.228	229.714	0.999	123.846	82228.509	0.928	1.000
1.007	8002.087	8002.087	8002.087	8002.087	7432.353	3870.025	657.080	207.447	1.985	95.287	82783.193	0.929	1.000
1.018	8020.402	8020.402	8020.402	8020.402	7408.435	3943.896	620.808	221.015	0.000	94.300	81932.853	0.924	1.000
1.012	8105.438	8105.438	8105.438	8105.438	7468.787	3934.583	648.514	230.341	0.000	95.893	82390.953	0.921	1.000
1.007	8026.615	8026.615	8026.615	8026.615	7348.128	3946.750	628.818	229.474	2.980	107.286	82251.945	0.915	1.000
1.014	7956.756	7956.756	7956.756	7956.756	7337.415	3900.467	612.437	214.008	0.000	109.469	82350.650	0.922	1.000
1.013	7885.123	7885.123	7885.123	7885.123	7474.326	3860.106	587.558	211.323	0.000	122.449	82531.612	0.948	1.000
1.015	8067.165	8068.150	8068.150	8068.150	7264.585	3991.238	584.948	251.114	0.000	99.461	82067.060	0.901	1.000
1.006	8185.576	8185.576	8185.576	8185.576	7131.810	3943.670	669.042	228.647	0.000	99.412	82083.413	0.871	1.000
1.010	8057.421	8057.421	8057.421	8057.421	7354.106	3931.633	610.201	233.778	2.972	109.955	82302.784	0.913	1.000
1.023	8244.135	8244.135	8244.135	8244.135	7269.232	4057.041	600.391	233.703	0.978	99.739	82548.908	0.882	1.000
1.016	8084.770	8084.770	8084.770	8084.770	7286.335	3901.601	648.790	245.142	1.969	88.606	82071.442	0.901	1.000
1.021	8119.737	8119.737	8119.737	8119.737	7296.890	3980.033	620.074	212.569	0.000	105.795	82694.169	0.899	1.000
1.016	8151.971	8151.971	8151.971	8151.971	7288.531	3965.717	604.506	220.536	0.985	102.392	82239.405	0.894	1.000
1.005	7829.118	7829.118	7829.118	7829.118	7204.221	3810.078	595.045	214.933	0.995	97.516	82229.620	0.920	1.000
1.006	7988.313	7988.313	7988.313	7988.313	7352.270	3931.546	625.112	214.665	1.988	99.382	82196.744	0.920	1.000
1.013	7988.740	7988.740	7988.740	7988.740	7169.534	3857.178	645.495	230.957	0.987	97.713	82512.811	0.897	1.000
1.022	8025.459	8025.459	8025.459	8025.459	7299.519	3914.405	618.321	224.044	1.957	107.619	82203.481	0.910	1.000
1.005	7971.844	7971.844	7971.844	7971.844	7403.635	3910.791	609.009	236.837	0.000	107.472	82468.930	0.929	1.000
1.006	7920.414	7920.414	7920.414	7920.414	7402.590	3857.338	631.128	236.549	0.000	106.348	82160.006	0.935	1.000
1.018	7973.000	7973.000	7973.000	7973.000	7234.614	3858.854	616.631	229.764	0.000	105.063	81889.194	0.907	1.000
1.008	8121.792	8121.792	8121.792	8121.792	7459.781	3951.222	573.677	222.324	0.993	95.282	81960.321	0.918	1.000
1.014	8078.208	8078.208	8078.208	8078.208	7329.568	3977.950	618.442	261.383	0.000	104.553	82541.727	0.907	1.000
1.013	8008.017	8008.017	8008.017	8008.017	7158.158	3963.045	600.132	235.907	0.987	116.473	82323.754	0.894	1.000
1.022	7944.712	7944.712	7944.712	7944.712	7231.537	3801.644	612.411	270.987	0.000	109.569	82098.296	0.910	1.000
1.009	8117.027	8117.027	8117.027	8117.027	7357.945	3977.749	630.256	210.085	2.973	112.970	82518.978	0.906	1.000
1.011	7946.066	7946.066	7946.066	7946.066	7279.609	3854.376	630.860	230.392	0.989	123.601	82382.594	0.916	1.000
1.000	8076.019	8076.019	8076.019	8076.019	7263.218	3980.024	619.848	241.941	0.000	101.975	82227.831	0.899	1.000
1.020	8096.476	8096.476	8096.476	8096.476	7364.176	3951.676	630.347	236.258	0.000	111.757	82941.087	0.910	1.000
1.005	7970.107	7970.107	7970.107	7970.107	7369.960	3923.347	631.000	243.841	2.986	116.446	83292.993	0.925	1.000
1.011	7965.775	7965.775	7965.775	7965.775	7427.934	3885.503	595.184	216.520	0.989	101.834	82332.121	0.932	1.000
1.022	8055.609	8055.609	8055.609	8055.609	7308.252	3994.056	609.429	235.750	0.000	103.691	82199.495	0.907	1.000
1.000	8035.906	8035.906	8035.906	8035.906	7287.914	3878.954	624.993	250.997	2.000	97.999	82191.034	0.907	1.000
1.017	8046.996	8046.996	8046.996	8046.996	7336.099	4004.816	616.504	231.066	1.967	101.276	82330.286	0.912	1.000
1.010	7827.673	7827.673	7827.673	7827.673	7296.128	3816.832	624.591	234.593	2.970	103.933	82540.974	0.932	1.000
1.004	8056.619	8056.619	8056.619	8056.619	7286.523	3960.067	631.618	218.177	0.000	116.560	82297.660	0.904	1.000
1.001	8128.160	8128.160	8128.160	8128.160	7455.726	3913.706	628.471	222.812	0.999	93.921	82237.793	0.917	1.000
1.008	8164.510	8164.510	8164.510	8164.510	7289.423	3968.653	628.039	232.166	0.992	114.099	81792.936	0.893	1.000
1.005	8000.795	8000.795	8000.795	8000.795	7462.232	4004.877	618.203	234.937	0.995	108.509	82491.709	0.933	1.000
1.009	8010.255	8010.255	8010.255	8010.255	7379.979	3887.694	687.754	243.786	0.991	103.064	82242.120	0.921	1.000
1.008	7943.152	7943.152	7943.152	7943.152	7382.517	3869.868	569.565	242.115	2.977	108.158	82827.078	0.929	1.000
1.004	7962.970	7962.970	7962.970	7962.970	7389.277	3894.335	634.448	239.038	0.000	79.679	81769.093	0.928	1.000
1.003	8057.263	8057.263	8057.263	8057.263	7482.884	3935.893	621.247	248.299	0.997	111.685	82225.962	0.929	1.000
1.019	8024.566	8024.566	8024.566	8024.566	7392.571	3925.433	634.939	282.631	0.000	116.782	81965.981	0.921	1.000
1.003	8066.608	8066.608	8066.608	8066.608	7118.709	3945.092	611.001	235.230	1.993	109.641	81707.669	0.882	1.000
1.011	8101.816	8101.816	8101.816	8101.816	7218.647	3987.612	614.164	200.765	1.978	95.932	82338.460	0.891	1.000
1.022	8020.800	8020.800	8020.800	8020.800	7273.587	3933.625	638.652	248.419	0.000	96.825	82539.615	0.907	1.000
1.010	8085.744	8085.744	8085.744	8085.744	7323.685	3998.336	656.163	220.700	0.000	106.886	82360.771	0.906	1.000
1.010	7950.242	7950.242	7950.242	7950.242	7244.060	3902.324	615.062	229.782	2.971	103.006	82108.264	0.911	1.000
1.019	7996.842	7996.842	7996.842	7996.842	7256.739	3884.068	580.107	258.153	1.963	96.194	82630.439	0.907	1.000
1.002	8045.320	8045.320	8045.320	8045.320	7337.523	3907.356	622.941	229.610	0.998	91.844	82676.418	0.912	1.000
1.002	8051.828	8051.828	8051.828	8051.828	7200.327	3969.014	643.867	230.594	0.998	91.838	82256.223	0.894	1.000
1.000	8008.306	8008.306	8008.306	8008.306	7323.536	3936.676	624.790	238.920	1.999	95.968	82350.295	0.914	1.000
1.003	8029.117	8029.117	8029.117	8029.117	7292.126	3937.269	633.274	219.402	0.000	91.750	82368.509	0.908	1.000
1.023	8007.745	8007.745	8007.745	8007.745	7334.973	3948.623	610.188	238.599	1.956	102.676	82616.970	0.916	1.000
1.008	7983.776	7983.776	7983.776	7983.776	7273.666	3865.933	637.710	239.017	0.992	115.046	81868.913	0.911	1.000
1.018	8153.220	8153.220	8153.220	8153.220	7360.204	3986.695	626.944	261.390	0.000	101.215	82286.887	0.903	1.000
1.002	8058.539	8058.539	8058.539	8058.539	7262.264	3925.494	617.662	222.518	0.000	102.777	82348.565	0.901	1.000
1.014	8003.541	8003.541	8003.541	8003.541	7252.901	3931.737	631.287	265.338	0.986	95.680	82635.528	0.906	1.000
1.010	8058.336	8058.336	8058.336	8058.336	7315.053	3931.185	647.280	229.616	0.000	97.983	82191.660	0.908	1.000
1.016	7979.751	7979.751	7979.751	7979.751	7355.625	3807.757	630.032	247.091	0.000	107.302	82564.728	0.922	1.000
1.002	7936.393	7936.393	7936.393	7936.393	7383.689	3845.983	598.597	227.467	0.998	108.745	82221.234	0.930	1.000
1.005	8070.031	8070.031	8070.031	8070.031	7411.537	4025.566	617.711	196.951	0.995	113.396	82651.921	0.918	1.000
1.015	8005.993	8005.993	8005.993	8005.993	7311.661	3884.320	606.679	279.703	1.970	99.472	82173.453	0.913	1.000
1.015	7851.620	7851.620	7851.620	7851.620	7270.456	3832.725	604.804	248.226	1.970	88.652	82170.635	0.926	1.000
1.021	7963.107	7963.107	7963.107	7963.107	7333.229	3874.288	640.653	215.510	1.959	110.694	82308.296	0.921	1.000
1.014	8092.005	8092.005	8092.005	8092.005	7384.793	4001.617	610.550	254.478	0.986	100.608	82578.100	0.913	1.000
1.001	8123.123	8123.123	8123.123	8123.123	7379.661	3916.167	617.553	245.822	2.998	89.935	82206.524	0.908	1.000
1.006	8112.616	8112.616	8112.616	8112.616	7255.517	3929.533	613.492	241.619	0.994	112.358	82544.057	0.894	1.000
1.007	7979.196	7979.196	7979.196	7979.196	7354.642	3910.163	623.561	253.197	0.993	87.378	82715.147	0.922	1.000
1.011	8101.102	8101.102	8101.102	8101.102	7373.991	4011.475	648.959	239.402	2.968	97.937	82041.835	0.910	1.000
1.017	8037.957	8037.957	8037.957	8037.957	7428.276	3976.694	596.897	205.522	0.000	87.519	82430.851	0.924	1.000
1.012	7964.631	7964.631	7964.631	7964.631	7438.796	3916.092	637.526	231.289	0.988	94.888	82570.040	0.934	1.000
1.010	7990.543	7990.543	7990.543	7990.543	7228.124	4044.779	651.521	199.021	0.990	103.966	82791.727	0.905	1.000
1.008	7977.642	7977.642	7977.642	7977.642	7261.063	3856.819	624.277	212.393	0.000	92.302	82162.364	0.910	1.000
1.020	7987.020	7987.020	7987.020	7987.020	7531.263	4003.801	568.471	237.190	0.980	109.774	82489.087	0.943	1.000
1.019	8038.079	8038.079	8038.079	8038.079	7460.845	3949.340	621.410	240.514	0.000	93.261	82314.721	0.928	1.000
1.022	8120.665	8120.665	8120.665	8120.665	7234.240	3943.904	631.064	221.117	0.978	97.839	82133.185	0.891	1.000
1.015	7907.313	7907.313	7907.313	7907.313	7345.882	3838.415	658.943	219.648	0.985	97.512	82633.787	0.929	1.000
1.024	8156.998	8156.998	8156.998	8156.998	7434.275	3988.647	628.964	222.677	0.977	110.362	82772.236	0.911	1.000
1.022	8268.745	8268.745	8268.745	8268.745	7348.909	3972.912	593.001	250.509	0.979	83.177	82477.064	0.889	1.000
1.008	8261.163	8261.163	8261.163	8261.163	7501.493	3944.135	631.736	218.182	2.975	105.124	82419.232	0.908	1.000
1.022	8243.338	8243.338	8243.338	8243.338	7520.994	3965.063	607.826	250.569	1.958	94.942	82677.098	0.912	1.000
1.013	8313.772	8313.772	8313.772	8313.772	7360.638	4027.631	665.023	265.417	3.947	100.641	82770.673	0.885	1.000
1.011	8013.915	8013.915	8013.915	8013.915	7403.397	3945.114	622.392	223.626	0.989	90.044	82392.232	0.924	1.000
1.019	8072.562	8072.562	8072.562	8072.562	7385.535	3984.754	610.472	230.645	0.981	127.591	81929.880	0.915	1.000
1.011	7962.776	7962.776	7962.776	7962.776	7519.741	3937.876	623.019	244.263	0.000	113.726	82304.768	0.944	1.000
1.017	8025.522	8025.522	8025.522	8025.522	7202.417	3847.058	629.376	238.966	0.983	76.705	82202.350	0.897	1.000
1.010	8130.929	8130.929	8130.929	8130.929	7299.019	4050.609	660.576	213.920	1.981	117.854	82471.986	0.898	1.000
1.020	8040.471	8040.471	8040.471	8040.471	7333.584	3874.642	673.552	232.361	0.980	111.769	81786.125	0.912	1.000
1.022	7894.695	7894.695	7894.695	7894.695	7175.839	3829.983	600.513	241.575	0.978	92.913	82934.395	0.909	1.000
1.022	7919.185	7919.185	7919.185	7919.185	7275.238	3868.579	581.314	223.131	0.979	101.779	82851.982	0.919	1.000
1.020	7979.390	7979.390	7979.390	7979.390	7279.564	3887.270	617.494	227.394	0.000	90.174	82046.283	0.912	1.000
1.027	7909.339	7909.339	7909.339	7909.339	7205.183	3917.173	594.101	239.588	0.000	106.159	81820.411	0.911	1.000
1.020	8151.664	8151.664	8151.664	8151.664	7355.806	3993.992	681.184	236.209	0.980	118.595	82474.221	0.902	1.000
1.020	8060.295	8060.295	8060.295	8060.295	7390.484	3896.283	613.912	236.346	1.961	106.895	82156.366	0.917	1.000
1.011	8037.242	8037.242	8037.242	8037.242	7309.549	3793.689	675.290	232.347	0.000	95.905	82501.114	0.909	1.000
1.012	7967.357	7967.357	7967.357	7967.357	7164.691	3921.403	621.770	212.529	0.989	98.851	82647.000	0.899	1.000
1.017	8104.724	8104.724	8104.724	8104.724	7323.060	3950.598	644.012	258.588	0.000	92.423	82278.236	0.904	1.000
1.012	8029.566	8029.566	8029.566	8029.566	7225.917	3895.669	635.604	210.550	0.988	90.942	82373.478	0.900	1.000
1.010	8126.937	8126.937	8126.937	8126.937	7311.472	3971.432	639.308	234.545	0.000	105.892	82280.782	0.900	1.000
1.015	8212.452	8212.452	8212.452	8212.452	7226.406	4000.332	648.170	242.325	0.985	97.521	82314.636	0.880	1.000
1.005	8041.556	8041.556	8040.561	8040.561	7129.145	3943.168	644.757	234.819	1.990	124.374	82707.037	0.887	1.000
1.007	8096.081	8096.081	8096.081	8096.081	7346.352	3906.535	634.539	230.380	2.979	109.232	82294.434	0.907	1.000
1.015	8161.470	8161.470	8161.470	8161.470	7334.481	3977.238	634.781	214.879	0.986	101.526	81962.649	0.899	1.000
1.021	8191.395	8191.395	8191.395	8191.395	7254.145	4064.358	606.226	248.758	2.938	96.957	82215.598	0.886	1.000
1.015	7949.695	7949.695	7949.695	7949.695	7445.391	3841.384	653.035	216.693	1.970	93.572	82406.557	0.937	1.000
1.014	7835.234	7835.234	7835.234	7835.234	7386.407	3859.911	565.226	238.717	1.973	116.399	82818.908	0.943	1.000
1.018	8030.367	8030.367	8030.367	8030.367	7239.512	3885.503	633.666	218.099	3.930	100.208	82409.011	0.902	1.000
1.017	7935.463	7935.463	7935.463	7935.463	7240.422	3842.880	633.107	250.687	1.966	88.478	82557.525	0.912	1.000
1.023	8024.085	8024.085	8024.085	8024.085	7327.146	3982.230	603.102	221.887	0.977	112.410	81852.704	0.913	1.000
1.014	8033.308	8033.308	8033.308	8033.308	7264.991	3926.409	627.279	224.873	0.986	107.505	82543.354	0.904	1.000
1.007	8063.392	8063.392	8063.392	8063.392	7328.189	3915.455	612.007	235.464	0.994	104.319	82678.583	0.909	1.000
1.016	8042.377	8042.377	8042.377	8042.377	7298.186	3935.547	591.612	243.142	0.984	116.157	82295.073	0.907	1.000
1.022	8109.895	8109.895	8109.895	8109.895	7226.300	4044.184	612.548	234.843	0.979	91.001	82842.651	0.891	1.000
1.004	8051.355	8051.355	8051.355	8051.355	7220.517	3927.053	618.645	231.120	1.992	112.572	82797.852	0.897	1.000
1.017	7930.474	7930.474	7930.474	7930.474	7317.865	3951.962	603.758	239.930	0.983	102.265	82681.456	0.923	1.000
1.019	8035.139	8035.139	8035.139	8035.139	7326.445	3851.684	617.408	248.337	1.963	117.788	82409.742	0.912	1.000
1.011	8047.244	8047.244	8047.244	8047.244	7270.521	3895.487	658.978	224.606	3.958	99.935	82612.633	0.903	1.000
1.022	7949.846	7949.846	7949.846	7949.846	7326.348	3814.399	635.244	222.188	0.000	107.668	82344.819	0.922	1.000
1.013	7984.697	7984.697	7984.697	7984.697	7139.421	3951.862	643.832	220.206	0.000	96.772	82618.803	0.894	1.000
1.019	8021.905	8021.905	8021.905	8021.905	7342.615	3929.477	611.557	244.427	0.000	112.888	82257.905	0.915	1.000
1.005	8022.984	8022.984	8022.984	8022.984	7156.414	3959.757	601.923	240.769	0.000	101.481	81887.370	0.892	1.000
1.017	8053.999	8053.999	8053.999	8053.999	7280.957	3953.728	631.416	216.373	1.967	105.236	82689.951	0.904	1.000
1.005	8100.777	8100.777	8100.777	8100.777	7337.661	4034.470	602.932	226.846	0.995	107.453	82431.529	0.906	1.000
1.003	8055.635	8055.635	8055.635	8055.635	7397.706	3982.460	623.038	240.244	0.997	101.680	82879.035	0.918	1.000
1.001	8063.066	8063.066	8063.066	8063.066	7296.820	3994.070	635.375	228.775	1.998	99.902	82099.214	0.905	1.000
1.005	8217.166	8217.166	8217.166	8217.166	7163.530	4083.212	641.733	236.794	1.990	104.468	82704.949	0.872	1.000
1.017	7934.909	7934.909	7934.909	7934.909	7394.049	3793.887	641.165	236.012	1.967	104.238	82130.092	0.932	1.000
1.010	8085.683	8085.683	8085.683	8085.683	7216.744	3938.925	636.364	267.214	0.990	101.937	82858.949	0.893	1.000
1.003	7939.085	7939.085	7939.085	7939.085	7348.089	3829.019	647.804	262.111	0.997	99.662	82121.594	0.926	1.000
1.012	8172.764	8172.764	8172.764	8172.764	7393.418	3948.095	655.876	267.684	3.951	108.654	82477.358	0.905	1.000
1.011	7895.345	7895.345	7895.345	7895.345	7320.940	3855.728	653.497	237.276	1.977	91.944	82325.729	0.927	1.000
1.017	7945.009	7945.009	7945.009	7945.009	7119.720	3887.418	621.672	234.111	0.984	120.006	82095.148	0.896	1.000
1.001	8040.934	8040.934	8040.934	8040.934	7391.828	3890.646	615.153	222.694	1.997	104.856	82116.993	0.919	1.000
1.016	7878.753	7878.753	7878.753	7878.753	7387.623	3943.806	618.096	220.467	0.984	122.044	82279.578	0.938	1.000
1.006	7998.925	7998.925	7998.925	7998.925	7279.251	3846.880	634.188	244.530	1.988	90.456	82301.357	0.910	1.000
1.014	7946.150	7946.150	7946.150	7946.150	7224.221	3950.885	619.360	219.932	0.986	82.844	81576.989	0.909	1.000
1.004	7928.991	7928.991	7928.991	7928.991	7136.291	3963.500	604.483	229.046	1.992	104.565	81887.096	0.900	1.000
1.019	8020.339	8020.339	8020.339	8020.339	7371.527	3884.039	668.443	217.907	0.982	100.119	82299.025	0.919	1.000
1.022	8053.889	8053.889	8053.889	8053.889	7140.632	3965.278	612.753	244.710	0.000	97.884	82066.858	0.887	1.000
1.013	7979.690	7979.690	7979.690	7979.690	7368.828	3852.673	665.139	234.871	0.987	123.357	81882.120	0.923	1.000
1.013	8196.173	8196.173	8196.173	8196.173	7337.470	4069.463	601.092	229.975	2.961	107.585	82259.806	0.895	1.000
1.012	8051.675	8051.675	8051.675	8051.675	7330.039	3983.825	598.068	233.296	0.000	90.946	82177.502	0.910	1.000
1.023	8094.682	8094.682	8094.682	8094.682	7328.044	3876.217	665.919	229.796	0.978	90.941	82589.621	0.905	1.000
1.017	8020.404	8020.404	8020.404	8020.404	7281.618	4016.596	640.413	245.934	0.984	115.097	82692.897	0.908	1.000
1.002	8025.776	8026.774	8026.774	8026.774	7137.903	3976.475	607.545	237.431	0.998	132.682	81661.402	0.889	1.000
1.005	7886.540	7886.540	7886.540	7886.540	7291.593	3894.023	577.040	206.938	0.995	122.372	82478.867	0.925	1.000
1.016	8100.668	8100.668	8100.668	8100.668	7197.313	4009.988	588.460	225.347	0.000	97.421	82461.095	0.888	1.000
1.020	7977.074	7976.094	7976.094	7976.094	7225.149	3971.381	614.677	253.910	0.980	128.425	82056.910	0.906	1.000
1.016	8105.262	8105.262	8105.262	8105.262	7325.929	3998.019	634.684	218.449	1.968	125.953	82481.402	0.904	1.000
1.019	8101.249	8101.249	8101.249	8101.249	7252.771	3918.693	663.088	247.187	0.000	126.536	82485.798	0.895	1.000
1.014	8050.009	8050.009	8050.009	8050.009	7323.478	3921.496	651.611	264.193	0.000	101.537	82567.308	0.910	1.000
1.013	8155.723	8155.723	8155.723	8155.723	7213.350	3993.492	608.842	250.642	2.960	108.546	82448.290	0.884	1.000
1.013	8217.280	8217.280	8217.280	8217.280	7340.244	4067.159	625.185	230.123	0.988	96.790	82561.940	0.893	1.000
1.013	8046.387	8046.387	8046.387	8046.387	7284.108	3920.009	620.092	250.802	0.987	104.665	82319.211	0.905	1.000
1.013	8129.861	8129.861	8129.861	8129.861	7318.356	4024.948	608.135	231.012	0.000	94.774	82424.059	0.900	1.000
1.016	7987.804	7987.804	7987.804	7987.804	7232.919	3837.413	582.649	274.593	0.000	114.168	81600.398	0.905	1.000
1.008	8042.499	8042.499	8042.499	8042.499	7223.659	3855.993	660.035	245.156	0.993	81.388	81868.135	0.898	1.000
1.015	7922.971	7922.971	7922.971	7922.971	7202.880	3849.679	605.822	248.239	3.940	122.149	82060.822	0.909	1.000
1.010	8077.095	8077.095	8077.095	8077.095	7254.236	3980.621	606.995	215.865	0.000	101.991	82309.729	0.898	1.000
1.013	8023.158	8023.158	8023.158	8023.158	7299.880	3888.730	616.711	245.698	1.973	108.541	82283.996	0.910	1.000
1.006	8152.436	8152.436	8152.436	8152.436	7310.246	4034.954	674.149	244.603	0.994	106.392	81866.408	0.897	1.000
1.009	8194.764	8194.764	8194.764	8194.764	7233.239	4008.664	681.988	203.209	0.000	102.100	82334.229	0.883	1.000
1.004	7891.123	7891.123	7891.123	7891.123	7294.457	3863.881	586.704	234.084	1.992	114.552	82513.131	0.924	1.000
1.005	8020.361	8020.361	8020.361	8020.361	7396.213	3872.311	660.981	252.845	0.995	109.500	82192.528	0.922	1.000
1.021	7999.700	7999.700	7999.700	7999.700	7354.358	3975.858	620.861	229.150	2.938	107.720	82514.716	0.919	1.000
1.022	8008.339	8008.339	8008.339	8008.339	7253.094	3933.732	595.783	221.095	3.913	97.830	81663.344	0.906	1.000
1.012	7994.988	7994.988	7994.988	7994.988	7399.070	3915.469	650.272	217.416	0.000	109.696	82631.017	0.925	1.000
1.012	8073.969	8073.969	8073.969	8073.969	7289.494	3972.764	614.538	231.193	3.952	104.728	82599.112	0.903	1.000
1.003	8116.682	8116.682	8116.682	8116.682	7316.081	3977.085	642.076	247.259	0.997	99.701	82130.934	0.901	1.000
1.010	7948.365	7948.365	7948.365	7948.365	7199.154	3926.181	627.476	214.767	0.000	99.961	82350.838	0.906	1.000
1.004	8142.043	8142.043	8142.043	8142.043	7422.601	3967.888	608.835	225.199	1.993	123.561	82148.836	0.912	1.000
1.014	8099.827	8099.827	8099.827	8099.827	7109.782	3966.095	641.951	232.720	0.986	98.610	82096.781	0.878	1.000
1.010	8181.334	8181.334	8181.334	8181.334	7300.801	4053.029	630.933	249.600	0.000	111.924	81860.887	0.892	1.000
1.007	7956.886	7956.886	7956.886	7956.886	7171.229	3881.602	612.832	241.359	0.993	92.372	82272.476	0.901	1.000
1.010	8092.191	8092.191	8092.191	8092.191	7326.219	3936.742	651.175	245.428	1.979	112.818	81930.343	0.905	1.000
1.008	8203.045	8203.045	8203.045	8203.045	7115.918	3976.543	645.729	243.016	0.000	120.020	82413.324	0.867	1.000
1.001	7958.534	7958.534	7958.534	7958.534	7222.225	3820.416	632.407	210.802	1.998	102.903	81880.192	0.907	1.000
1.009	7919.513	7919.513	7919.513	7919.513	7312.912	3904.250	620.477	222.024	0.991	97.135	82686.057	0.923	1.000
1.022	8074.987	8074.987	8074.987	8074.987	7197.228	4032.601	601.808	220.174	0.979	109.597	82113.967	0.891	1.000
1.019	8097.288	8097.288	8097.288	8097.288	7331.209	3975.568	632.677	240.319	1.962	110.841	82851.298	0.905	1.000
1.018	8062.512	8062.512	8062.512	8062.512	7203.899	3906.983	645.433	224.968	0.000	108.063	82448.447	0.894	1.000
1.001	8094.264	8094.264	8094.264	8094.264	7248.967	3983.685	636.470	217.819	0.999	99.917	82512.333	0.896	1.000
1.002	7924.521	7924.521	7924.521	7924.521	7261.152	3873.479	621.472	233.426	0.000	105.740	81939.587	0.916	1.000
1.014	7975.137	7975.137	7975.137	7975.137	7306.267	3892.861	614.610	235.782	0.000	107.532	82194.023	0.916	1.000
1.006	8027.581	8027.581	8027.581	8027.581	7284.066	3918.366	639.145	246.513	1.988	96.418	82314.513	0.907	1.000
1.005	8052.852	8052.852	8052.852	8052.852	7255.924	3973.696	601.924	222.861	1.990	89.542	82047.761	0.901	1.000
1.003	8068.102	8068.102	8068.102	8068.102	7132.337	4016.113	624.839	207.283	0.000	110.617	82439.934	0.884	1.000
1.012	7959.511	7959.511	7959.511	7959.511	7288.560	3921.949	583.994	213.439	0.988	100.791	81904.405	0.916	1.000
1.023	8003.561	8003.561	8003.561	8003.561	7300.037	3900.649	611.675	241.348	0.000	111.391	82150.089	0.912	1.000
1.018	7979.421	7979.421	7979.421	7979.421	7201.420	3860.535	616.900	228.882	0.000	102.162	82234.299	0.902	1.000
1.021	8137.943	8137.943	8137.943	8137.943	7303.282	3955.822	600.525	259.607	0.000	95.026	82278.745	0.897	1.000
1.001	8083.261	8083.261	8083.261	8083.261	7439.877	3979.190	594.431	248.762	0.999	101.902	82339.167	0.920	1.000
1.002	8107.842	8107.842	8107.842	8107.842	7233.585	3923.182	641.721	257.487	2.994	114.771	82342.903	0.892	1.000
1.000	7977.657	7977.657	7977.657	7977.657	7243.964	3905.363	587.754	226.905	0.000	98.959	82067.610	0.908	1.000
1.018	8050.610	8050.610	8050.610	8050.610	7286.225	4035.130	615.045	215.168	0.983	94.320	82268.707	0.905	1.000
1.002	8163.140	8163.140	8163.140	8163.140	7349.422	3982.726	652.971	240.621	3.994	101.840	82799.565	0.900	1.000
1.007	8183.474	8183.474	8183.474	8183.474	7380.725	4034.611	606.036	243.408	0.994	121.207	82797.448	0.902	1.000
1.011	8210.138	8210.138	8210.138	8210.138	7354.194	4032.339	618.457	211.760	1.979	93.016	82739.630	0.896	1.000
1.009	8083.991	8083.991	8083.991	8083.991	7328.441	4016.711	659.371	252.842	0.992	113.035	82451.157	0.907	1.000
1.016	7966.783	7966.783	7966.783	7966.783	7198.153	3954.359	596.402	236.199	0.000	93.495	82762.029	0.904	1.000
1.022	8052.588	8052.588	8052.588	8052.588	7297.841	3951.896	575.604	234.941	0.979	91.039	82725.507	0.906	1.000
1.008	8012.763	8012.763	8012.763	8012.763	7069.443	3900.246	624.912	253.933	0.000	109.112	82082.710	0.882	1.000
1.006	8048.569	8048.569	8048.569	8048.569	7339.747	3991.478	612.391	218.711	0.000	102.397	83152.977	0.912	1.000
1.010	8099.710	8099.710	8099.710	8099.710	7196.003	4054.309	637.445	256.364	0.000	110.860	82261.099	0.888	1.000
1.019	8063.320	8063.320	8063.320	8063.320	7172.411	3933.542	602.443	253.144	0.000	98.118	81945.038	0.890	1.000
1.009	7980.005	7980.005	7980.005	7980.005	7273.467	3944.915	643.117	215.033	1.982	114.949	82371.523	0.911	1.000
1.008	8129.119	8129.119	8129.119	8129.119	7303.707	4047.694	620.051	244.052	0.992	110.121	82398.358	0.898	1.000
1.018	7961.730	7961.730	7961.730	7961.730	7362.365	3859.518	660.284	216.164	4.913	103.169	82442.172	0.925	1.000
1.001	8131.010	8131.010	8131.010	8131.010	7387.649	3986.573	657.435	231.801	2.997	105.909	82538.046	0.909	1.000
1.005	7976.201	7976.201	7976.201	7976.201	7215.189	3859.773	654.570	218.853	0.995	93.510	82206.204	0.905	1.000
1.004	8103.900	8103.900	8103.900	8103.900	7344.626	3912.949	649.667	228.181	4.982	84.696	82228.728	0.906	1.000
1.003	8219.619	8219.619	8219.619	8219.619	7218.709	4019.588	604.134	236.270	0.000	108.664	81733.614	0.878	1.000
1.006	8154.682	8154.682	8154.682	8154.682	7344.581	3979.930	612.297	240.545	0.994	105.363	82271.436	0.901	1.000
1.020	7983.329	7983.329	7983.329	7983.329	7314.784	3866.190	598.946	218.600	0.000	113.711	82512.374	0.916	1.000
1.002	8049.600	8049.600	8049.600	8049.600	7228.375	3920.525	642.611	279.396	0.998	118.743	82112.502	0.898	1.000
1.014	8018.625	8018.625	8018.625	8018.625	7369.639	3877.148	653.917	239.671	0.986	117.370	82148.988	0.919	1.000
1.002	7958.399	7958.399	7958.399	7958.399	7357.878	3899.396	625.460	211.479	3.990	97.759	82481.855	0.925	1.000
1.015	8075.790	8075.790	8075.790	8075.790	7285.650	3959.571	603.936	217.732	1.970	110.344	82329.319	0.902	1.000
1.022	7938.325	7938.325	7938.325	7938.325	7346.424	3871.328	597.771	233.825	0.000	119.359	82746.814	0.925	1.000
1.020	8005.419	8005.419	8005.419	8005.419	7180.280	3978.700	635.024	235.194	2.940	114.657	82462.970	0.897	1.000
1.007	7978.933	7978.933	7978.933	7978.933	7234.974	3873.751	662.511	200.640	1.987	92.374	82192.048	0.907	1.000
1.015	8016.066	8016.066	8016.066	8016.066	7237.109	3962.734	604.652	226.498	1.970	117.188	82146.953	0.903	1.000
1.011	8092.533	8092.533	8092.533	8092.533	7094.078	3939.395	634.301	223.638	0.000	93.018	82675.844	0.877	1.000
1.017	8051.412	8051.412	8051.412	8051.412	7224.138	3963.242	571.517	247.887	1.967	115.090	82177.521	0.897	1.000
1.022	7966.557	7966.557	7966.557	7966.557	7236.273	3928.458	583.444	229.070	1.958	109.640	82302.811	0.908	1.000
1.001	8061.669	8061.669	8061.669	8061.669	7245.715	3963.920	629.194	225.711	0.999	100.871	82295.541	0.899	1.000
1.012	8104.782	8104.782	8104.782	8104.782	7258.353	3945.723	618.279	231.114	1.975	102.717	82087.830	0.896	1.000
1.004	8007.050	8007.050	8007.050	8007.050	7344.611	3917.856	597.690	247.045	3.985	113.561	81705.181	0.917	1.000
1.001	7964.400	7964.400	7964.400	7964.400	7142.494	3934.763	632.159	238.682	0.999	112.850	82210.580	0.897	1.000
1.003	7994.319	7994.319	7994.319	7994.319	7306.185	4013.116	648.242	227.383	0.000	111.697	82113.302	0.914	1.000
1.012	7988.623	7988.623	7988.623	7988.623	7171.683	3970.109	602.579	243.007	0.988	98.784	81952.779	0.898	1.000
1.011	8048.126	8048.126	8048.126	8048.126	7288.327	3912.764	641.080	252.277	3.957	111.793	82558.831	0.906	1.000
1.009	8124.700	8124.700	8124.700	8124.700	7231.974	3938.498	617.279	248.695	3.963	116.916	82635.136	0.890	1.000
1.001	8232.504	8232.504	8232.504	8232.504	7226.908	4039.359	630.120	238.667	0.000	83.883	82343.016	0.878	1.000
1.023	8076.775	8076.775	8076.775	8076.775	7256.386	3975.807	619.936	239.565	1.956	96.804	81793.481	0.898	1.000
1.011	7920.039	7920.039	7920.039	7920.039	7329.375	3943.695	560.982	230.527	2.968	90.034	82082.475	0.925	1.000
1.004	8104.181	8104.181	8104.181	8104.181	7260.701	3915.660	603.482	239.998	0.000	110.539	82233.834	0.896	1.000
1.003	8030.730	8030.730	8030.730	8030.730	7354.857	4020.349	585.159	214.326	0.997	102.677	82657.902	0.916	1.000
1.017	8099.805	8099.805	8099.805	8099.805	7254.805	3944.646	618.749	224.284	0.000	96.403	82261.126	0.896	1.000
1.009	8086.393	8086.393	8086.393	8086.393	7249.904	3967.378	628.358	230.927	0.000	103.075	82777.751	0.897	1.000
1.005	7939.178	7939.178	7939.178	7939.178	7330.999	3806.346	666.907	246.855	0.995	101.529	81841.424	0.923	1.000
1.004	8055.941	8055.941	8055.941	8055.941	7180.425	4035.939	624.515	233.072	3.984	108.568	82249.683	0.891	1.000
1.009	8063.101	8063.101	8063.101	8063.101	7218.319	3970.076	637.552	228.051	1.983	119.975	82119.288	0.895	1.000
1.008	8042.451	8042.451	8042.451	8042.451	7219.848	3955.239	612.238	238.148	0.992	111.136	82333.659	0.898	1.000
1.006	8067.680	8067.680	8067.680	8067.680	7303.353	3898.169	615.239	240.530	0.000	110.326	81856.589	0.905	1.000
1.011	8113.203	8113.203	8113.203	8113.203	7220.088	3989.840	608.268	236.384	0.989	114.730	82074.593	0.890	1.000
1.012	7944.693	7944.693	7944.693	7944.693	7254.967	3853.769	609.686	261.859	0.988	93.874	82319.466	0.913	1.000
1.005	8091.832	8091.832	8091.832	8091.832	7277.572	4035.464	597.257	223.971	0.995	95.561	82025.235	0.899	1.000
1.017	8035.556	8035.556	8035.556	8035.556	7157.789	3980.918	624.169	237.872	0.983	88.465	82021.652	0.891	1.000
1.016	7926.681	7926.681	7926.681	7926.681	7100.944	3816.696	641.693	234.238	0.984	101.372	82155.416	0.896	1.000
1.001	8031.649	8031.649	8031.649	8031.649	7140.686	3984.361	622.275	227.735	0.999	98.885	81760.806	0.889	1.000
1.006	8123.737	8123.737	8123.737	8123.737	7285.132	4019.143	602.126	252.376	0.994	119.233	82718.841	0.897	1.000
1.009	8053.426	8053.426	8053.426	8053.426	7375.702	3887.007	640.073	231.853	0.000	97.101	82445.564	0.916	1.000
1.005	7967.077	7967.077	7967.077	7967.077	7271.649	3928.819	652.648	258.671	1.990	93.520	82349.011	0.913	1.000
1.006	8039.332	8039.332	8039.332	8039.332	7321.677	4000.780	626.209	215.694	1.988	124.248	82028.425	0.911	1.000
1.017	8075.188	8075.188	8075.188	8075.188	7278.682	3963.843	613.604	240.918	0.983	115.051	82495.338	0.901	1.000
1.020	8144.743	8144.743	8144.743	8144.743	7371.526	4064.041	624.257	238.139	0.000	105.840	82336.282	0.905	1.000
1.022	7969.939	7969.939	7969.939	7969.939	7235.350	3933.128	604.495	242.580	1.956	102.705	82452.868	0.908	1.000
1.016	7895.191	7895.191	7895.191	7895.191	7213.060	3880.170	562.044	223.440	0.000	118.118	81910.759	0.914	1.000
1.011	8082.264	8082.264	8082.264	8082.264	7325.293	3970.877	583.807	244.407	1.979	100.929	81992.228	0.906	1.000
1.006	7983.471	7983.471	7983.471	7983.471	7333.665	3929.636	586.216	239.454	0.994	104.327	82671.404	0.919	1.000
1.004	7925.666	7925.666	7925.666	7925.666	7293.246	3921.004	626.444	220.102	0.996	110.549	82309.210	0.920	1.000
1.017	8169.715	8169.715	8169.715	8169.715	7193.713	3934.477	657.548	233.926	0.000	102.220	82077.526	0.881	1.000
1.010	8059.460	8059.460	8059.460	8059.460	7226.679	3978.733	625.824	226.762	0.000	108.925	82341.359	0.897	1.000
1.002	8075.425	8075.425	8075.425	8075.425	7351.001	3985.326	620.649	247.461	0.998	91.800	81760.057	0.910	1.000
1.010	8002.991	8002.991	8002.991	8002.991	7289.853	3905.420	588.339	234.741	2.971	99.047	81773.133	0.911	1.000
1.013	8109.674	8109.674	8109.674	8109.674	7405.172	3970.474	605.833	250.621	0.000	85.843	82333.076	0.913	1.000
1.009	7977.694	7977.694	7977.694	7977.694	7148.109	3980.422	611.534	231.927	0.000	96.141	82222.080	0.896	1.000
1.006	7971.902	7971.902	7971.902	7971.902	7276.100	3929.293	621.252	213.711	2.982	115.304	82611.571	0.913	1.000
1.018	8059.909	8059.909	8059.909	8059.909	7335.047	3974.951	588.336	249.478	0.982	115.899	82898.408	0.910	1.000
1.003	8012.076	8012.076	8012.076	8012.076	7183.447	3965.654	598.288	227.350	0.997	124.643	82185.851	0.897	1.000
1.011	8001.320	8001.320	8001.320	8001.320	7216.916	3912.130	607.345	227.507	0.000	88.035	82482.149	0.902	1.000
1.001	8165.596	8165.596	8165.596	8165.596	7070.455	3944.906	639.498	234.816	1.998	96.924	82578.234	0.866	1.000
1.012	8059.073	8059.073	8059.073	8059.073	7245.165	3979.655	596.603	243.975	0.988	103.714	82387.456	0.899	1.000
1.007	8187.726	8187.726	8187.726	8187.726	7122.567	4009.484	639.294	233.283	1.985	104.233	82281.288	0.870	1.000
1.021	8119.476	8119.476	8119.476	8119.476	7224.061	3959.812	633.844	223.364	1.959	87.190	81993.190	0.890	1.000
1.004	7950.489	7950.489	7950.489	7950.489	7135.617	3939.880	639.546	200.232	0.996	108.583	82448.598	0.898	1.000
1.011	8236.648	8236.648	8236.648	8236.648	7346.734	4031.310	598.220	244.232	0.000	96.902	82689.813	0.892	1.000
1.014	7957.741	7957.741	7957.741	7957.741	7226.868	3906.868	627.308	248.556	0.986	96.661	82047.188	0.908	1.000
1.020	7908.160	7908.160	7908.160	7908.160	7190.484	3887.411	620.613	223.538	0.000	110.789	82348.395	0.909	1.000
1.012	8083.514	8083.514	8083.514	8083.514	7315.960	3971.126	668.769	208.435	2.964	116.565	82199.348	0.905	1.000
1.012	7875.575	7875.575	7875.575	7875.575	7399.405	3831.094	606.573	219.315	0.000	109.657	82620.433	0.940	1.000
1.010	8074.077	8074.077	8074.077	8074.077	7176.847	3994.950	624.892	233.715	0.990	102.993	82088.594	0.889	1.000
1.004	7907.383	7907.383	7907.383	7907.383	7186.448	3924.316	603.435	224.047	0.996	131.441	82490.305	0.909	1.000
1.008	8063.900	8063.900	8063.900	8063.900	7263.560	4006.660	669.430	254.879	0.992	96.200	82039.348	0.901	1.000
1.019	8063.926	8063.926	8063.926	8063.926	7466.198	3915.166	661.525	232.613	1.963	108.945	82342.145	0.926	1.000
1.016	7956.142	7956.142	7956.142	7956.142	7272.134	3894.415	606.257	240.141	0.984	101.371	82263.991	0.914	1.000
1.011	8142.529	8142.529	8142.529	8142.529	7221.871	3992.153	641.790	223.489	0.989	108.778	82282.656	0.887	1.000
1.012	8044.122	8044.122	8044.122	8044.122	7101.706	3846.716	640.132	224.244	0.988	82.980	81832.122	0.883	1.000
1.007	8089.994	8089.994	8089.994	8089.994	7037.411	4017.689	599.774	235.342	0.000	111.216	82637.696	0.870	1.000
1.007	8037.382	8037.382	8037.382	8037.382	7341.935	3897.485	615.967	240.426	0.000	109.285	82187.947	0.913	1.000
1.000	8146.828	8146.828	8146.828	8146.828	7212.963	4039.419	569.918	227.967	2.000	98.986	82273.167	0.885	1.000
1.005	8176.144	8176.144	8176.144	8176.144	7291.564	4102.500	632.838	233.832	2.985	85.572	82328.603	0.892	1.000
1.000	8133.010	8133.010	8133.010	8133.010	7291.319	4038.515	648.761	210.922	0.000	98.964	82322.735	0.897	1.000
1.001	8043.252	8043.252	8043.252	8043.252	7228.240	3993.160	625.242	238.711	0.999	90.890	82120.474	0.899	1.000
1.007	8053.372	8053.372	8053.372	8053.372	7161.642	3867.803	621.629	222.436	0.993	120.155	82085.804	0.889	1.000
1.011	8027.966	8027.966	8027.966	8027.966	7268.203	4010.521	605.436	238.415	0.000	111.788	81936.697	0.905	1.000
1.015	8062.467	8062.467	8062.467	8062.467	7211.505	3904.180	644.131	225.544	0.985	101.446	81981.875	0.894	1.000
1.021	8187.808	8187.808	8187.808	8187.808	7302.983	4074.306	627.118	222.431	2.940	95.048	82149.500	0.892	1.000
1.011	8259.452	8259.452	8259.452	8259.452	7169.794	4007.609	611.079	262.032	0.989	100.858	82511.460	0.868	1.000
1.003	8057.412	8057.412	8057.412	8057.412	7102.969	3990.309	604.381	229.385	0.997	98.735	81874.637	0.882	1.000
1.007	8035.229	8035.229	8035.229	8035.229	7191.505	4056.823	606.489	227.309	0.993	95.291	81928.567	0.895	1.000
1.002	8016.066	8016.066	8016.066	8016.066	7285.881	3987.085	591.529	250.377	0.998	97.757	82476.895	0.909	1.000
1.014	8093.763	8093.763	8093.763	8093.763	7104.722	3927.565	637.995	238.632	1.972	95.650	82461.123	0.878	1.000
1.016	7876.305	7876.305	7876.305	7876.305	7291.490	3867.266	582.847	243.181	0.000	107.315	82277.854	0.926	1.000
1.002	8161.302	8161.302	8161.302	8161.302	7166.094	4047.710	593.930	241.565	3.993	103.813	82321.746	0.878	1.000
1.007	7969.317	7969.317	7969.317	7969.317	7124.537	3943.958	625.395	221.370	0.000	96.291	81782.778	0.894	1.000
1.016	8114.343	8114.343	8114.343	8114.343	7329.179	4010.436	611.995	244.011	0.984	111.182	82399.888	0.903	1.000
1.006	8142.217	8142.217	8142.217	8142.217	7330.978	4007.482	579.599	261.466	0.994	95.440	82553.535	0.900	1.000
1.007	8102.462	8102.462	8102.462	8102.462	7300.061	4010.018	615.704	243.302	0.000	106.259	82437.755	0.901	1.000
1.018	8046.242	8046.242	8046.242	8046.242	7257.337	4037.858	615.012	210.244	0.000	90.385	82350.686	0.902	1.000
1.013	8252.001	8252.001	8252.001	8252.001	7194.583	3960.131	668.414	230.045	1.975	91.821	82270.214	0.872	1.000
1.019	7990.197	7990.197	7990.197	7990.197	7175.772	3982.833	614.253	225.684	0.000	113.823	82232.399	0.898	1.000
1.000	8086.018	8086.018	8086.018	8086.018	7191.237	3911.041	647.841	232.943	3.999	92.977	82330.819	0.889	1.000
1.004	8071.082	8071.082	8071.082	8071.082	7309.377	3896.144	641.226	239.962	0.000	100.565	82186.437	0.906	1.000
1.010	7980.476	7980.476	7980.476	7980.476	7190.349	3852.609	623.784	255.454	0.990	117.826	81858.296	0.901	1.000
1.011	7888.765	7888.765	7888.765	7888.765	7276.381	3906.789	568.854	217.648	0.000	83.102	82086.091	0.922	1.000
1.005	8054.469	8054.469	8054.469	8054.469	7156.875	3908.816	605.031	248.779	0.995	86.575	82240.372	0.889	1.000
1.001	7914.012	7914.012	7914.012	7914.012	7014.579	3957.506	645.593	220.861	0.000	110.930	81906.377	0.886	1.000
1.019	8067.877	8067.877	8067.877	8067.877	7259.126	3943.641	617.359	234.577	0.981	106.001	82488.644	0.900	1.000
1.013	8184.057	8184.057	8184.057	8184.057	7100.089	4065.373	552.843	267.537	0.987	102.671	82153.516	0.868	1.000
1.007	8119.711	8119.711	8119.711	8119.711	7225.907	3931.744	605.800	244.306	0.000	105.270	82210.088	0.890	1.000
1.009	8011.931	8011.931	8012.922	8012.922	7268.617	3944.518	618.437	233.896	2.973	106.046	82122.294	0.907	1.000
1.006	8155.093	8155.093	8155.093	8155.093	7335.011	3980.131	633.203	217.694	0.000	93.440	82314.351	0.899	1.000
1.017	8094.423	8094.423	8094.423	8094.423	7265.209	3979.832	612.811	253.781	2.951	100.332	82314.447	0.898	1.000
1.008	8013.725	8013.725	8013.725	8013.725	7273.294	3925.474	596.513	216.373	1.985	90.321	82273.181	0.908	1.000
1.011	8204.519	8204.519	8204.519	8204.519	7247.952	4006.306	609.354	249.281	2.968	114.749	82387.458	0.883	1.000
1.018	7794.670	7794.670	7794.670	7794.670	7163.944	3835.441	574.727	217.119	0.982	105.121	82336.237	0.919	1.000
1.013	7964.388	7964.388	7964.388	7964.388	7105.454	3891.858	599.279	224.113	2.962	111.563	81802.070	0.892	1.000
1.002	8134.990	8134.990	8134.990	8134.990	7136.324	3967.728	657.464	237.445	1.995	109.744	82731.670	0.877	1.000
1.012	8067.421	8067.421	8067.421	8067.421	7127.029	3906.777	604.538	235.098	0.988	88.903	82364.352	0.883	1.000
1.004	7858.043	7858.043	7858.043	7858.043	7023.014	3888.167	582.926	223.206	0.996	106.621	82031.152	0.894	1.000
1.011	7938.205	7938.205	7938.205	7938.205	7196.039	3882.022	599.670	221.660	0.000	94.008	82202.278	0.907	1.000
1.009	8042.073	8042.073	8042.073	8042.073	7356.377	3921.947	637.143	228.896	0.000	99.089	81446.305	0.915	1.000
1.014	8137.676	8137.676	8137.676	8137.676	7347.390	3911.965	670.904	221.990	3.946	100.636	81806.929	0.903	1.000
1.015	8068.488	8068.488	8068.488	8068.488	7178.668	3962.309	645.440	241.424	0.000	111.351	82334.446	0.890	1.000
1.014	8029.816	8029.816	8029.816	8029.816	7190.644	3978.915	618.285	221.873	0.986	101.568	81571.215	0.895	1.000
1.015	7950.641	7950.641	7950.641	7950.641	7183.353	3927.057	558.475	231.467	0.985	115.241	81679.246	0.903	1.000
1.012	8063.799	8063.799	8063.799	8063.799	7244.472	3969.140	563.349	242.141	2.965	111.681	82076.008	0.898	1.000
1.009	8018.878	8018.878	8018.878	8018.878	7232.655	3942.020	606.770	244.889	0.991	91.214	82245.059	0.902	1.000
1.010	8176.226	8176.226	8176.226	8176.226	7339.998	3986.182	627.418	279.072	0.000	94.014	82397.593	0.898	1.000
1.014	8110.832	8110.832	8110.832	8110.832	7243.047	3934.616	658.728	235.683	0.000	92.695	82273.914	0.893	1.000
1.008	8118.086	8118.086	8118.086	8118.086	7272.060	3941.512	623.858	253.907	1.984	86.289	82268.896	0.896	1.000
1.010	8081.103	8081.103	8081.103	8081.103	7149.316	3917.271	629.774	221.807	0.000	89.119	82631.039	0.885	1.000
1.005	7945.854	7945.854	7945.854	7945.854	7220.518	4023.670	569.125	239.788	0.995	87.558	82436.491	0.909	1.000
1.008	8079.192	8079.192	8079.192	8079.192	7181.504	3933.957	594.160	221.198	2.976	104.152	81980.242	0.889	1.000
1.019	8146.615	8146.615	8146.615	8146.615	7079.703	3914.301	665.470	248.325	2.945	89.318	82338.722	0.869	1.000
1.008	8026.293	8026.293	8026.293	8026.293	7213.052	3942.236	642.659	223.145	0.000	97.192	82192.888	0.899	1.000
1.002	8007.993	8007.993	8007.993	8007.993	7281.173	3910.648	575.066	244.603	0.998	107.825	81975.849	0.909	1.000
1.003	8136.078	8136.078	8136.078	8136.078	7174.786	3956.852	608.286	239.326	0.997	97.725	82482.616	0.882	1.000
1.022	8113.601	8113.601	8113.601	8113.601	7177.417	4027.453	605.536	236.736	3.913	115.433	82451.761	0.885	1.000
1.009	8050.385	8050.385	8050.385	8050.385	7180.903	3999.415	649.384	249.840	3.966	89.228	82440.103	0.892	1.000
1.013	8061.610	8061.610	8061.610	8061.610	7184.639	3962.168	603.411	253.808	0.988	128.385	81930.566	0.891	1.000
1.001	8024.863	8024.863	8024.863	8024.863	7185.714	3967.976	629.362	210.786	1.998	90.908	81890.963	0.895	1.000
1.021	7878.280	7878.280	7878.280	7878.280	7214.413	3880.391	619.805	237.935	0.979	81.270	82570.168	0.916	1.000
1.007	7973.228	7973.228	7973.228	7973.228	7199.832	3925.557	625.468	217.425	1.986	112.187	82347.337	0.903	1.000
1.013	7952.944	7952.944	7952.944	7952.944	7230.308	4016.948	574.555	244.827	0.987	96.746	82269.933	0.909	1.000
1.014	7949.840	7949.840	7949.840	7949.840	7146.278	3878.788	630.032	258.323	0.000	116.344	81872.602	0.899	1.000
1.008	8095.448	8095.448	8095.448	8095.448	7273.998	3944.547	627.992	266.872	0.000	108.138	82214.433	0.899	1.000
1.014	7880.987	7880.987	7880.987	7880.987	7225.306	3873.940	617.227	218.889	1.972	119.304	82000.522	0.917	1.000
1.014	7943.468	7943.468	7943.468	7943.468	7308.385	3879.529	616.346	243.580	2.958	97.629	81813.283	0.920	1.000
1.014	7996.677	7996.677	7996.677	7996.677	7358.797	3919.959	618.163	216.899	0.000	112.393	82042.106	0.920	1.000
1.014	8156.884	8156.884	8156.884	8156.884	7318.409	3977.332	636.255	227.868	1.973	97.658	82721.001	0.897	1.000
1.012	8014.577	8014.577	8014.577	8014.577	7468.353	3816.654	566.967	259.777	0.988	103.713	81880.257	0.932	1.000
1.010	8045.091	8045.091	8045.091	8045.091	7208.813	3981.474	574.013	236.533	2.969	106.885	81880.007	0.896	1.000
1.008	8013.317	8013.317	8013.317	8013.317	7395.458	3917.401	593.065	226.118	0.992	114.051	82392.368	0.923	1.000
1.017	8020.327	8020.327	8020.327	8020.327	7100.881	3897.077	606.736	228.141	0.000	94.403	82184.753	0.885	1.000
1.009	8019.720	8019.720	8019.720	8019.720	7266.415	3893.395	639.318	238.877	0.000	102.093	82239.047	0.906	1.000
1.006	8004.405	8004.405	8004.405	8004.405	7169.163	3945.525	596.602	238.641	0.000	100.428	82226.617	0.896	1.000
1.005	8079.680	8079.680	8079.680	8079.680	7166.576	3941.865	632.608	265.576	1.989	120.355	82402.191	0.887	1.000
1.008	7966.474	7966.474	7966.474	7966.474	7199.876	3947.040	636.683	227.104	0.000	102.147	82233.296	0.904	1.000
1.008	8043.009	8043.009	8043.009	8043.009	7182.179	3879.686	633.722	251.902	0.992	98.182	82303.483	0.893	1.000
1.013	8089.636	8089.636	8089.636	8089.636	7363.731	3925.809	641.956	238.018	0.988	108.639	81977.806	0.910	1.000
1.014	8060.587	8060.587	8060.587	8060.587	7271.494	3910.943	644.097	236.728	0.000	96.664	81670.163	0.902	1.000
1.004	7927.468	7927.468	7927.468	7927.468	7000.920	3909.436	640.614	250.068	0.000	106.603	81946.728	0.883	1.000
1.006	8174.254	8174.254	8174.254	8174.254	7217.608	3990.667	674.227	221.759	0.000	95.466	82213.901	0.883	1.000
1.012	7902.129	7902.129	7902.129	7902.129	7235.303	3865.612	615.455	243.021	1.976	94.837	81969.151	0.916	1.000
1.016	8033.851	8033.851	8033.851	8033.851	7056.322	3935.711	606.403	214.604	0.984	87.613	81682.244	0.878	1.000
1.009	8142.362	8142.362	8142.362	8142.362	7057.176	4017.665	678.860	249.741	0.000	89.193	82356.182	0.867	1.000
1.016	8073.048	8073.048	8073.048	8073.048	7140.407	3922.403	622.744	244.966	1.968	95.428	82318.330	0.884	1.000
1.023	8129.398	8129.398	8129.398	8129.398	7394.095	4066.655	584.722	250.316	0.978	109.513	82197.466	0.910	1.000
1.010	8075.775	8075.775	8075.775	8075.775	7101.932	3959.703	607.663	251.378	3.959	91.050	82368.950	0.879	1.000
1.007	7869.268	7869.268	7869.268	7869.268	7231.622	3894.409	604.870	223.474	0.993	96.342	81630.621	0.919	1.000
1.012	8109.943	8109.943	8109.943	8109.943	7127.458	4032.732	624.678	257.976	0.000	108.726	82674.960	0.879	1.000
1.005	8194.622	8194.622	8194.622	8194.622	7179.623	3991.333	633.877	236.833	0.995	104.485	82588.054	0.876	1.000
1.006	8128.773	8128.773	8128.773	8128.773	7184.029	4065.381	606.625	246.628	0.994	98.452	82425.396	0.884	1.000
1.015	8223.360	8223.360	8223.360	8223.360	7216.137	3988.487	633.703	223.718	0.986	112.352	82050.293	0.878	1.000
1.006	7947.863	7947.863	7947.863	7947.863	7186.665	3890.458	588.289	210.671	0.000	115.273	81924.207	0.904	1.000
1.021	8153.181	8153.181	8153.181	8153.181	7153.753	3941.864	624.153	227.321	2.939	92.104	82188.302	0.877	1.000
1.001	8100.499	8100.499	8100.499	8100.499	7365.180	3942.349	621.425	260.759	0.000	85.920	82200.882	0.909	1.000
1.019	8048.621	8048.621	8048.621	8048.621	7318.356	3946.769	637.019	252.256	0.000	107.969	82485.608	0.909	1.000
1.021	8067.752	8067.752	8067.752	8067.752	7220.217	4009.381	594.744	232.215	0.000	103.860	81736.694	0.895	1.000
1.006	8055.716	8055.716	8055.716	8055.716	7321.119	3925.472	649.109	235.588	0.000	88.470	82052.204	0.909	1.000
1.009	8196.010	8196.010	8196.010	8196.010	7172.872	4026.128	585.925	230.008	0.000	98.150	82230.758	0.875	1.000
1.004	7988.728	7988.728	7988.728	7988.728	7172.129	3885.816	613.445	244.980	0.996	99.585	81880.976	0.898	1.000
1.018	8142.080	8142.080	8142.080	8142.080	7307.725	3966.377	603.408	217.188	2.948	107.120	81902.344	0.898	1.000
1.004	8056.116	8056.116	8056.116	8056.116	7275.013	3983.224	621.694	255.054	0.996	88.671	81798.568	0.903	1.000
1.009	8152.714	8152.714	8152.714	8152.714	7209.654	4006.024	652.812	211.000	0.991	84.202	82487.043	0.884	1.000
1.003	7950.073	7950.073	7950.073	7950.073	7268.211	3882.825	609.090	231.275	0.000	88.722	82070.669	0.914	1.000
1.012	8056.556	8056.556	8056.556	8056.556	7078.027	3861.731	603.920	240.184	0.988	99.830	82142.083	0.879	1.000
1.001	8034.905	8034.905	8034.905	8034.905	7198.955	3944.045	629.209	248.688	0.000	108.863	82291.608	0.896	1.000
1.012	7944.631	7944.631	7944.631	7944.631	7236.312	3910.078	586.808	206.470	0.988	96.813	82195.617	0.911	1.000
1.018	8233.904	8233.904	8233.904	8233.904	7241.240	4047.240	650.975	231.720	2.946	106.041	82839.789	0.879	1.000
1.002	7983.234	7983.234	7983.234	7983.234	7141.685	3908.261	618.933	208.640	1.997	97.831	81896.777	0.895	1.000
1.012	7976.084	7976.084	7976.084	7976.084	7316.103	3904.556	605.641	213.407	0.000	103.739	82148.824	0.917	1.000
1.016	8023.081	8023.081	8023.081	8023.081	7355.475	3991.847	605.571	238.290	0.985	99.452	82117.432	0.917	1.000
1.009	8106.614	8106.614	8106.614	8106.614	7217.444	4022.577	669.108	231.957	0.991	99.127	82541.147	0.890	1.000
1.017	7998.366	7998.366	7998.366	7998.366	7116.757	3897.950	598.551	238.831	0.000	109.095	81962.118	0.890	1.000
1.004	7909.307	7909.307	7909.307	7909.307	7234.839	3825.638	605.726	217.185	0.000	100.622	82181.476	0.915	1.000
1.007	8016.803	8016.803	8016.803	8016.803	7221.379	3932.434	595.823	240.315	0.993	86.394	82336.829	0.901	1.000
1.002	8105.148	8105.148	8105.148	8105.148	7432.712	3935.846	619.559	222.483	0.000	98.770	82205.796	0.917	1.000
1.020	8166.100	8166.100	8166.100	8166.100	7138.597	3941.376	611.796	255.895	0.980	86.279	81940.421	0.874	1.000
1.006	7974.588	7974.588	7974.588	7974.588	7276.737	3913.731	591.483	226.652	0.994	111.338	82055.151	0.912	1.000
1.013	7989.871	7989.871	7989.871	7989.871	7277.883	3912.479	626.076	217.250	1.975	87.888	82345.736	0.911	1.000
1.001	8012.993	8012.993	8012.993	8012.993	7315.039	3887.175	611.084	249.626	0.000	95.856	82323.639	0.913	1.000
1.018	8085.016	8085.016	8085.016	8085.016	7357.069	3914.798	631.673	226.931	0.982	94.309	81890.500	0.910	1.000
1.005	7978.234	7978.234	7978.234	7978.234	7230.958	3889.613	607.970	245.775	0.000	108.459	82154.512	0.906	1.000
1.009	8007.098	8007.098	8007.098	8007.098	7069.633	3890.578	601.523	266.573	1.982	111.980	82295.724	0.883	1.000
1.015	7965.712	7965.712	7965.712	7965.712	7278.180	3835.598	643.206	251.176	0.985	91.605	81804.423	0.914	1.000
1.003	7889.514	7888.517	7888.517	7888.517	7365.141	3910.862	570.230	248.230	0.000	112.650	81878.877	0.934	1.000
1.013	7997.531	7997.531	7997.531	7997.531	7257.111	3901.524	605.171	246.807	0.000	110.569	82027.759	0.907	1.000
1.017	8087.909	8087.909	8087.909	8087.909	7172.315	3998.716	597.939	213.409	2.950	96.378	82419.179	0.887	1.000
1.005	8081.651	8081.651	8081.651	8081.651	7439.934	3974.664	614.854	241.763	2.985	90.537	82201.425	0.921	1.000
1.021	7941.590	7941.590	7941.590	7941.590	7273.341	3900.737	606.520	253.778	1.960	102.883	81753.798	0.916	1.000
1.015	8044.096	8044.096	8044.096	8044.096	7183.354	3999.397	603.701	224.541	0.985	113.256	82201.833	0.893	1.000
1.019	8059.074	8059.074	8059.074	8059.074	7206.465	3992.254	599.476	231.549	0.981	91.246	81873.090	0.894	1.000
1.007	7939.918	7938.924	7938.924	7938.924	7099.431	3872.598	592.116	218.566	1.987	92.394	82111.386	0.894	1.000
1.004	8078.881	8078.881	8078.881	8078.881	7093.554	3946.288	596.775	246.083	0.000	109.591	81836.898	0.878	1.000
1.009	7952.134	7952.134	7952.134	7952.134	7203.616	3919.061	628.557	212.163	0.991	88.236	81907.677	0.906	1.000
1.017	8058.346	8058.346	8058.346	8058.346	7254.281	4031.139	628.115	249.673	0.983	109.109	82223.043	0.900	1.000
1.017	8073.779	8073.779	8073.779	8073.779	7102.763	3900.770	618.187	246.685	2.948	114.989	81672.440	0.880	1.000
1.010	8074.417	8074.417	8074.417	8074.417	7256.479	3954.028	576.320	253.501	0.990	94.073	82166.157	0.899	1.000
1.015	8127.635	8127.635	8127.635	8127.635	7270.539	3986.975	592.086	248.262	0.985	99.502	82186.648	0.895	1.000
1.006	8025.350	8025.350	8025.350	8025.350	7227.787	3881.405	653.365	237.678	0.000	99.447	82665.079	0.901	1.000
1.010	8051.855	8051.855	8051.855	8051.855	7194.284	3995.724	616.936	230.732	1.981	97.046	82338.655	0.893	1.000
1.003	8020.305	8020.305	8020.305	8020.305	7273.697	3955.328	590.109	249.202	0.997	100.677	81315.487	0.907	1.000
1.017	8020.821	8020.821	8020.821	8020.821	7243.313	4011.394	623.186	219.196	2.949	100.260	82558.431	0.903	1.000
1.007	8163.056	8163.056	8163.056	8163.056	7206.843	3998.616	643.433	232.351	3.972	96.316	82283.919	0.883	1.000
1.020	7959.876	7959.876	7959.876	7959.876	7238.212	3916.204	636.359	236.306	2.942	95.111	82173.613	0.909	1.000
1.008	8029.382	8029.382	8029.382	8029.382	7183.975	3929.356	594.365	245.089	0.000	94.265	82298.185	0.895	1.000
1.012	8166.151	8166.151	8166.151	8166.151	7144.517	4002.550	615.549	247.010	1.976	110.660	82344.244	0.875	1.000
1.013	7937.111	7937.111	7937.111	7937.111	7320.032	3909.810	616.091	229.060	0.987	107.618	82194.862	0.922	1.000
1.021	7994.325	7994.325	7994.325	7994.325	7305.936	3937.430	628.657	235.991	0.979	125.340	82138.655	0.914	1.000
1.010	7977.168	7977.168	7977.168	7977.168	7221.822	3964.825	630.610	231.653	1.980	97.017	82176.317	0.905	1.000
1.020	7899.196	7899.196	7899.196	7899.196	7183.671	3845.210	635.151	246.023	3.921	91.156	82049.110	0.909	1.000
1.002	7961.174	7961.174	7961.174	7961.174	7058.083	3807.952	625.678	230.513	2.994	90.808	82034.621	0.887	1.000
1.022	8090.749	8090.749	8090.749	8090.749	7125.536	3899.026	645.106	220.256	0.000	102.786	82276.012	0.881	1.000
1.004	8020.812	8020.812	8020.812	8020.812	7284.491	3946.638	562.951	222.191	0.996	108.605	82320.429	0.908	1.000
1.001	7972.641	7972.641	7972.641	7972.641	7193.750	3928.403	647.078	204.708	1.997	93.866	82049.096	0.902	1.000
1.002	7967.354	7967.354	7967.354	7967.354	7165.626	3943.740	580.079	233.629	0.998	104.834	81756.231	0.899	1.000
1.013	7935.927	7935.927	7935.927	7935.927	7374.502	3861.894	619.640	215.098	0.000	104.589	82724.857	0.929	1.000
1.009	8207.423	8207.423	8207.423	8207.423	7310.464	4029.874	634.314	279.494	2.973	110.014	82381.481	0.891	1.000
1.013	8140.501	8140.501	8140.501	8140.501	7191.451	3984.826	671.544	241.954	0.988	101.719	81927.431	0.883	1.000
1.011	8179.457	8179.457	8179.457	8179.457	7227.231	3964.149	597.243	259.069	0.000	109.758	81892.463	0.884	1.000
1.012	7953.899	7953.899	7953.899	7953.899	7257.488	3924.595	628.251	248.930	0.000	114.587	82433.294	0.912	1.000
1.006	8034.550	8034.550	8034.550	8034.550	7234.974	3950.147	638.468	246.636	0.000	92.488	82224.110	0.900	1.000
1.001	8225.067	8225.067	8225.067	8225.067	7167.701	4030.583	665.601	237.857	0.999	107.935	82347.612	0.871	1.000
1.006	8108.438	8108.438	8108.438	8108.438	7053.149	3986.649	633.969	252.395	0.994	81.482	82082.036	0.870	1.000
1.011	8061.146	8061.146	8062.135	8062.135	7167.881	3965.779	625.186	235.434	0.989	91.008	81842.049	0.889	1.000
1.001	8096.061	8096.061	8096.061	8096.061	7301.840	3939.137	619.393	243.761	0.999	94.907	81975.612	0.902	1.000
1.012	7924.529	7924.529	7924.529	7924.529	7143.738	3934.591	611.784	244.121	0.000	114.648	82189.559	0.901	1.000
1.023	8130.315	8130.315	8130.315	8130.315	7277.683	4038.268	634.585	206.313	0.000	103.646	82236.937	0.895	1.000
1.010	8090.652	8090.652	8090.652	8090.652	7137.121	3860.660	592.120	250.512	0.990	99.017	82430.385	0.882	1.000
1.022	8049.220	8049.220	8049.220	8049.220	7273.167	4022.163	576.412	225.085	0.000	94.927	81660.678	0.904	1.000
1.000	8012.521	8012.521	8012.521	8012.521	7041.822	3874.801	616.809	227.929	0.000	102.968	81574.766	0.879	1.000
1.015	7984.961	7984.961	7984.961	7984.961	7200.460	3882.098	634.697	240.475	1.971	100.527	82060.208	0.902	1.000
1.016	8165.351	8165.351	8165.351	8165.351	7019.820	4041.834	631.813	196.827	1.968	103.334	82432.946	0.860	1.000
1.018	7883.158	7883.158	7883.158	7883.158	7143.559	3954.347	619.770	209.209	0.000	101.167	82047.307	0.906	1.000
1.012	8141.736	8141.736	8141.736	8141.736	7254.337	3972.542	655.173	243.096	1.976	96.843	82146.643	0.891	1.000
1.019	8057.411	8057.411	8057.411	8057.411	7221.922	3967.345	614.590	235.626	0.982	94.250	81844.525	0.896	1.000
1.007	8055.698	8055.698	8055.698	8055.698	7114.923	3974.701	632.813	221.534	0.000	105.303	82259.715	0.883	1.000
1.012	8140.561	8140.561	8140.561	8140.561	7243.300	3980.357	610.690	254.948	0.988	90.912	82024.202	0.890	1.000
1.003	8074.892	8074.892	8074.892	8074.892	7086.720	3966.648	581.336	206.409	0.997	94.729	81833.812	0.878	1.000
1.008	8167.170	8167.170	8167.170	8167.170	7270.616	4048.378	595.058	254.883	1.984	98.185	82371.889	0.890	1.000
1.004	8088.502	8088.502	8088.502	8088.502	7328.462	3981.495	637.517	270.945	0.000	99.612	82547.543	0.906	1.000
1.005	7913.063	7913.063	7913.063	7913.063	7189.895	3929.176	622.700	235.751	0.995	98.478	82262.033	0.909	1.000
1.010	7960.163	7960.163	7960.163	7960.163	7119.176	3835.460	583.442	255.565	0.991	99.056	81770.967	0.894	1.000
1.000	8077.330	8077.330	8077.330	8077.330	7119.410	4002.668	593.951	212.982	0.000	87.993	81848.215	0.881	1.000
1.014	8001.508	8001.508	8001.508	8001.508	7184.203	3931.741	607.310	234.643	0.000	94.646	81999.682	0.898	1.000
1.002	8029.432	8029.432	8029.432	8029.432	7082.504	3989.272	621.640	235.485	0.998	91.799	81812.998	0.882	1.000
1.015	7991.345	7991.345	7991.345	7991.345	7130.557	3967.111	644.114	231.448	0.985	112.277	81836.926	0.892	1.000
1.000	7963.583	7963.583	7963.583	7963.583	7170.824	3915.812	613.814	226.931	1.000	114.965	81964.125	0.900	1.000
1.000	7856.929	7856.929	7856.929	7856.929	7130.121	3905.970	627.835	215.943	1.000	107.972	81585.494	0.907	1.000
1.004	8014.492	8014.492	8014.492	8014.492	7122.775	3983.334	599.792	251.076	0.996	106.607	82062.857	0.889	1.000
1.001	7878.653	7878.653	7878.653	7878.653	7061.104	3837.882	606.665	249.862	0.999	119.934	82118.688	0.896	1.000
1.003	7917.683	7917.683	7917.683	7917.683	7245.747	3901.019	601.154	242.256	0.997	114.648	81538.582	0.915	1.000
1.003	8075.976	8075.976	8075.976	8075.976	7260.805	3948.299	620.846	249.135	1.993	98.658	82019.391	0.899	1.000
1.004	7963.277	7963.277	7963.277	7963.277	7292.035	3925.868	629.414	228.063	3.984	88.636	81758.037	0.916	1.000
1.010	7977.819	7977.819	7977.819	7977.819	7102.181	3924.524	593.334	204.051	0.991	106.978	81591.874	0.890	1.000
1.021	7857.888	7857.888	7857.888	7857.888	7086.988	3828.051	619.071	231.172	0.000	98.934	82022.949	0.902	1.000
1.018	8046.985	8046.985	8046.985	8046.985	7188.352	3856.973	628.747	245.604	1.965	116.908	81812.816	0.893	1.000
1.005	8114.898	8114.898	8114.898	8114.898	7394.635	3934.586	617.795	248.710	1.990	124.355	82131.877	0.911	1.000
1.007	8016.147	8016.147	8016.147	8016.147	7282.078	3994.167	606.923	216.545	0.000	107.279	82010.050	0.908	1.000
1.023	7967.845	7967.845	7967.845	7967.845	7084.591	3844.693	660.486	275.528	0.000	98.682	82026.301	0.889	1.000
1.012	8112.718	8112.718	8112.718	8112.718	7140.378	3968.414	584.985	235.180	0.000	92.886	81804.068	0.880	1.000
1.022	7926.945	7926.945	7926.945	7926.945	7235.221	3943.905	629.107	241.663	0.000	93.926	81575.528	0.913	1.000
1.011	8013.138	8013.138	8013.138	8013.138	7175.532	3963.552	607.191	230.416	1.978	111.747	82528.502	0.895	1.000
1.011	8121.815	8121.815	8121.815	8121.815	7216.423	4046.065	594.689	222.637	0.000	108.845	82026.575	0.889	1.000
1.008	8064.504	8064.504	8064.504	8064.504	7201.088	4020.343	614.316	226.275	0.000	109.168	82221.020	0.893	1.000
1.001	8141.899	8141.899	8141.899	8141.899	7247.229	4092.917	561.166	231.656	0.000	103.846	82664.138	0.890	1.000
1.004	8078.411	8078.411	8078.411	8078.411	7207.034	3924.682	640.338	233.031	0.996	106.557	82237.068	0.892	1.000
1.021	7954.621	7954.621	7954.621	7954.621	7100.381	3908.736	582.882	234.132	0.000	102.861	81884.592	0.893	1.000
0.294	7880.889	7880.889	7880.889	7880.889	7085.663	3738.240	628.704	203.904	0.000	108.749	81320.305	0.899	1.000
0.022	8311.842	8311.842	8311.842	8311.842	7458.194	3504.452	943.506	314.502	0.000	179.716	82264.775	0.897	1.000
